"PRI.ACCESSION"	"PRIMIRNA"	"Status"	"PRI.SEQUENCE"	"ACCESSION"	"MIRNA"	"SEQUENCE"	"DUPLI.ID"	"MOTIF.13"	"POS.MIRNA"	"DUPLI.MIRNA"
"MI0026842"	"cel-mir-8209"	"UNCHANGED"	"AAAACGAAGAAAGAAGAAGAAGCATAGTGTTGTCTTCTTCTTCTCCCTTCGTTTCCC"	"MIMAT0032835"	"cel-miR-8209-5p"	"AAAACGAAGAAAGAAGAAGAA"	""	"ACGAAGAAAGAAG"	"cel-miR-8209-5p[4,17]"	NA
"MI0010959"	"cel-mir-2209c"	NA	"GAGTGTAACCGCACGTCTTGTTTCAAAACTCAATATATGGAAAAAGACCACCGGTTACACTACA"	"MIMAT0011434"	"cel-miR-2209c-3p"	"AAAAGACCACCGGTTACACTACA"	""	"GACCACCGGTTAC"	"cel-miR-2209c-3p[5,18]"	NA
"MI0017709"	"cel-mir-4923a"	"UNCHANGED"	"GTAAGCAATTGCTTCTCATTTTCAGAAATTGTATGTGAAAAAGAGAGCCTTTTGTTTACAG"	"MIMAT0020129"	"cel-miR-4923a"	"AAAAGAGAGCCTTTTGTTTACAG"	""	"GAGAGCCTTTTGT"	"cel-miR-4923a[5,18]"	NA
"MI0000331"	"cel-mir-255"	NA	"CAGTGGTTCGACTAAATTTTGGAGGTAAGAAATCTTTGTAGTTCTCCGTATTGTGACGTGAAAACTGAAGAGATTTTTTACAGACTTCACAAATTTGAAATATATTCCTG"	"MIMAT0004216"	"cel-miR-255-3p"	"AAACTGAAGAGATTTTTTACAG"	""	"TGAAGAGATTTTT"	"cel-miR-255-3p[5,18]"	NA
"MI0005187"	"cel-mir-787"	"UNCHANGED"	"GATGTATCAGTGGACGAAAGATACATACGATCTTACATCTTCAAAATGGTATGTAAGCTCGTTTTAGTATCTTTCGTCTCTGATCACATT"	"MIMAT0020348"	"cel-miR-787-5p"	"AAAGATACATACGATCTTACA"	""	"GATACATACGATC"	"cel-miR-787-5p[4,17]"	NA
"MI0000336"	"cel-mir-259"	"UNCHANGED"	"TCAGTCATTGAAACGAGTAAATCTCATCCTAATCTGGTAGCATCTTTCGAACCTTGCCACCGATTTGGCATGGGATTGACTTGTTAAATAGTGACTTTTTT"	"MIMAT0000314"	"cel-miR-259-5p"	"AAATCTCATCCTAATCTGGTAGCA"	""	"TCATCCTAATCTG"	"cel-miR-259-5p[6,19]"	NA
"MI0000756"	"cel-mir-357"	NA	"ACGCTGTACTACTCACCAGCGGATCCCTACAACGCTGCGCATATGCATGAACACAATGAAAATGTAAATGCCAGTCGTTGCAGGAGTTCGCATACAGTAGTAAAATGCGC"	"MIMAT0000699"	"cel-miR-357-3p"	"AAATGCCAGTCGTTGCAGGAGT"	""	"GCCAGTCGTTGCA"	"cel-miR-357-3p[5,18]"	NA
"MI0017537"	"cel-mir-4807"	"UNCHANGED"	"GTGAGTTCAAAGTTACATTTTCAATATATCTATTTTGAAAATGCGACTTCTGGGCTTACAG"	"MIMAT0019990"	"cel-miR-4807"	"AAATGCGACTTCTGGGCTTACAG"	""	"GCGACTTCTGGGC"	"cel-miR-4807[5,18]"	NA
"MI0000801"	"cel-lsy-6"	"UNCHANGED"	"CCATCAAATGCGTCTAGTATCAAAATCATGTAAAAACTGTAAAACAGATTTTGTATGAGACGCATTTCGATGA"	"MIMAT0031896"	"cel-lsy-6-5p"	"AAATGCGTCTAGTATCAAAAT"	""	"TGCGTCTAGTATC"	"cel-lsy-6-5p[4,17]"	NA
"MI0000037"	"cel-mir-66"	NA	"CCACAAAAATGCCATACATGACACTGATTAGGGATGTGATGAATGTTAAGATCCCGATCAAATTCCTAACGGTGTCAAACATGGCGTATGTGGTTGTAG"	"MIMAT0020315"	"cel-miR-66-3p"	"AAATTCCTAACGGTGTCAAAC"	""	"TTCCTAACGGTGT"	"cel-miR-66-3p[4,17]"	NA
"MI0010971"	"cel-mir-2218b"	NA	"AGACTACAAACTACATCATTTTCCATCTCTTTGGTGAGGCTAGAAAATTTGTAGTTTGTAGTGAGA"	"MIMAT0011458"	"cel-miR-2218b-3p"	"AAATTTGTAGTTTGTAGTGAGA"	""	"TTGTAGTTTGTAG"	"cel-miR-2218b-3p[5,18]"	NA
"MI0017535"	"cel-mir-4805"	NA	"AGTCGGAGGCAGGGGTGTGCGGCAAATTTGCCGAATTTGCCGTTTGTCGAGCTCGGCAAATTTTGAGATTTTCCGCACACCCCTGATCGGAGCC"	"MIMAT0019987"	"cel-miR-4805-3p"	"AAATTTTGAGATTTTCCGCACA"	""	"TTTGAGATTTTCC"	"cel-miR-4805-3p[5,18]"	NA
"MI0007982"	"cel-mir-1820"	NA	"TTCAAAAATTGCATTTTCCATCTTTTGATTGTTTTTCGATGATGTTCGTTAAATCGGTATAAGCGAACCATTGTAAACAATCAAAGAATGGAGAATCAATTTATGAT"	"MIMAT0020359"	"cel-miR-1820-3p"	"AACCATTGTAAACAATCAAAGA"	""	"ATTGTAAACAATC"	"cel-miR-1820-3p[5,18]"	NA
"MI0017711"	"cel-mir-4923b"	"UNCHANGED"	"GTAAGCAAATTCCCGTCATTTTCTGGAAATATTTTGAAACGGCGGCAATTTGTTTACAG"	"MIMAT0020131"	"cel-miR-4923b"	"AACGGCGGCAATTTGTTTACAG"	""	"GCGGCAATTTGTT"	"cel-miR-4923b[5,18]"	NA
"MI0000031"	"cel-mir-60"	"UNCHANGED"	"CTCGAAAACCGCTTGTTCTTGAACTGGAAGAGTGCCATAAAATCATGACAAAGTACGTGATATTATGCACATTTTCTAGTTCAAGACTTGAGAAATCG"	"MIMAT0015102"	"cel-miR-60-5p"	"AACTGGAAGAGTGCCATAAAATC"	""	"GGAAGAGTGCCAT"	"cel-miR-60-5p[5,18]"	NA
"MI0000018"	"cel-mir-47"	"UNCHANGED"	"GAGAGCCGACTGAAACTGAAGAGAGCAGTCTATTGACAGTCGGTTACTCGAAATCTTTACTGTCATGGAGGCGCTCTCTTCAGATGATGTCTGGCCC"	"MIMAT0015097"	"cel-miR-47-5p"	"AAGAGAGCAGTCTATTGACAGT"	""	"GAGCAGTCTATTG"	"cel-miR-47-5p[5,18]"	NA
"MI0000017"	"cel-mir-46"	"UNCHANGED"	"CTGAGGTGAAGCTGAAGAGAGCCGTCTATTGACAGTTCAAGACCACGAGTCGTTGTGTGCTGTCATGGAGTCGCTCTCTTCAGATGATCCGGTCAAT"	"MIMAT0015096"	"cel-miR-46-5p"	"AAGAGAGCCGTCTATTGACAGT"	""	"GAGCCGTCTATTG"	"cel-miR-46-5p[5,18]"	NA
"MI0017542"	"cel-mir-4812"	"UNCHANGED"	"AGAAGTAAGAGCGCTTGTAGTGAGTTGTCAAAAATTGAGTATGACAACCACTGCAATTTCTCTATTACATTTTTGG"	"MIMAT0019998"	"cel-miR-4812-5p"	"AAGAGCGCTTGTAGTGAGTTGT"	""	"GCGCTTGTAGTGA"	"cel-miR-4812-5p[5,18]"	NA
"MI0019157"	"cel-mir-5594"	"UNCHANGED"	"AAGAGTACTGTAGTTTCAAAATTTCATTGATTAAAATTTTGAACTACAGTACTCTTCA"	"MIMAT0022309"	"cel-miR-5594-5p"	"AAGAGTACTGTAGTTTCAAAAT"	""	"GTACTGTAGTTTC"	"cel-miR-5594-5p[5,18]"	NA
"MI0005900"	"cel-mir-1022"	"UNCHANGED"	"GGTCCAAAATCGGCAAGATCATTGTTAGGACGCCATCTTGAAGCAATATAAAGATGATAGTCCAATGATGATCCAGCTGTTCAAGGCT"	"MIMAT0005523"	"cel-miR-1022-5p"	"AAGATCATTGTTAGGACGCCATC"	""	"TCATTGTTAGGAC"	"cel-miR-1022-5p[5,18]"	NA
"MI0000020"	"cel-mir-49"	NA	"TTTTGAAAAAGACCACCGTCCGCAGTTTGTTGTGATGTGCTCCAAGCAATCATGAGTCTGAAGCACCACGAGAAGCTGCAGATGGAGGTTCTGATTT"	"MIMAT0000020"	"cel-miR-49-3p"	"AAGCACCACGAGAAGCTGCAGA"	""	"ACCACGAGAAGCT"	"cel-miR-49-3p[5,18]"	NA
"MI0008199"	"cel-mir-1829c"	"UNCHANGED"	"AAGCGAAATTCAAGATGGTTGTAAAACATCGAGTACTACAACCACTGGAATTTCTCTATTGC"	"MIMAT0006771"	"cel-miR-1829c-5p"	"AAGCGAAATTCAAGATGGTTGTA"	""	"GAAATTCAAGATG"	"cel-miR-1829c-5p[5,18]"	NA
"MI0008198"	"cel-mir-1829b"	"UNCHANGED"	"AAGCGATCTTCTAGATGGTTGTAAAACATCGAGTATTACAACCACTGGAATTTCTCTATT"	"MIMAT0006770"	"cel-miR-1829b-5p"	"AAGCGATCTTCTAGATGGTTGTA"	""	"GATCTTCTAGATG"	"cel-miR-1829b-5p[5,18]"	NA
"MI0017538"	"cel-mir-4808"	NA	"GTAAGATAGATTAGTGCTTTCAATTATTTCAAACGAAAGCTCTATTCTCTCTTACAG"	"MIMAT0019992"	"cel-miR-4808-3p"	"AAGCTCTATTCTCTCTTACAG"	""	"CTCTATTCTCTCT"	"cel-miR-4808-3p[4,17]"	NA
"MI0010963"	"cel-mir-2213"	NA	"TGGCGGACTCTTCACAGTTTGACCTCGGAGATCAAGCTGTAAGAGGACTGCCTAA"	"MIMAT0011442"	"cel-miR-2213-3p"	"AAGCTGTAAGAGGACTGCCTAA"	""	"TGTAAGAGGACTG"	"cel-miR-2213-3p[5,18]"	NA
"MI0008197"	"cel-mir-1829a"	"UNCHANGED"	"AAGGGGACTTCTAATTGTTTGTAAAAAATCGAGTATTACAACCATTGGAATTTCTCTATT"	"MIMAT0015267"	"cel-miR-1829a-5p"	"AAGGGGACTTCTAATTGTTTGTA"	""	"GGACTTCTAATTG"	"cel-miR-1829a-5p[5,18]"	NA
"MI0005899"	"cel-mir-1021"	"UNCHANGED"	"TACTGTTTTGAAACAAGTGAGATCATGTGAAATCCTCGGAGCTCGGAGCTTTGAATTTTCCAAATATTCATATTTAAATTATTTGTTTCAAACAGTA"	"MIMAT0005522"	"cel-miR-1021"	"AAGTGAGATCATGTGAAATCCTCGG"	""	"AGATCATGTGAAA"	"cel-miR-1021[6,19]"	NA
"MI0010962"	"cel-mir-2212"	NA	"TGGCAGATCATAGGCTGACTTTGCAAGCATTTTATACAAAGTGGCATTTGATAAGCCATC"	"MIMAT0011440"	"cel-miR-2212-3p"	"AAGTGGCATTTGATAAGCCATC"	""	"GGCATTTGATAAG"	"cel-miR-2212-3p[5,18]"	NA
"MI0010956"	"cel-mir-2208a"	"UNCHANGED"	"AAGTGTACCCGAATCTGATATCCTATCATCTGAAAAAGGATGCAGTTTCTGGTATACTTCA"	"MIMAT0011427"	"cel-miR-2208a-5p"	"AAGTGTACCCGAATCTGATATCC"	""	"GTACCCGAATCTG"	"cel-miR-2208a-5p[5,18]"	NA
"MI0010957"	"cel-mir-2208b"	"UNCHANGED"	"AAGTGTACCCGGATCTGATATCCTATCACCAAAAAGAGGATGCAGATTTTGGTACACTTCA"	"MIMAT0011429"	"cel-miR-2208b-5p"	"AAGTGTACCCGGATCTGATATCC"	""	"GTACCCGGATCTG"	"cel-miR-2208b-5p[5,18]"	NA
"MI0000326"	"cel-mir-250"	NA	"AGGGTCTTCGGACCACGCCTTCAGTTGCCTCGTGATCCGCCAAACACAATAAATGGACGAATCACAGTCAACTGTTGGCATGGTGCTCGTACCCATTTT"	"MIMAT0000306"	"cel-miR-250-3p"	"AATCACAGTCAACTGTTGGC"	""	"CACAGTCAACTGT"	"cel-miR-250-3p[4,17]"	NA
"MI0007981"	"cel-mir-1819"	"UNCHANGED"	"AATCAGTGATCAATCATGCTCAAAACATTCGACATAACTTAATTTCTTTGTGGAATGATTGAGCTTGATGGATCGATGAAA"	"MIMAT0020358"	"cel-miR-1819-5p"	"AATCATGCTCAAAACATTCGACA"	""	"ATGCTCAAAACAT"	"cel-miR-1819-5p[5,18]"	NA
"MI0005196"	"cel-mir-795"	NA	"GAAACGTTACCTGCTGAGGTAGATTGATCAGCGAGCTTGATACCCCGTTCAAAATCGTGATCAGTATACTTCGTCAGGCAGCTTGTTTT"	"MIMAT0020353"	"cel-miR-795-3p"	"AATCGTGATCAGTATACTTCGTC"	""	"GTGATCAGTATAC"	"cel-miR-795-3p[5,18]"	NA
"MI0000304"	"cel-mir-229"	"UNCHANGED"	"CGCCGGCAATGACACTGGTTATCTTTTCCATCGTGGAATGCCCCCCATTGATTTTTTCCCCTTTTCGGGGGGAAAAAATTGGAAACGAGAAAGGTATCGGGTGTCATAGCCGGCG"	"MIMAT0000284"	"cel-miR-229-5p"	"AATGACACTGGTTATCTTTTCCATCG"	""	"ACTGGTTATCTTT"	"cel-miR-229-5p[7,20]"	NA
"MI0017715"	"cel-mir-4929"	"UNCHANGED"	"TAAAATATTTTAATTCATTAAATAAATTTGCGCGTAAGATAAAATGCACTGCACACAAATGCACACAATGCACCACATCTTACGCTCAAATTTTCTTTAATTAATTTTCA"	"MIMAT0020135"	"cel-miR-4929"	"AATGCACCACATCTTACGCTCA"	""	"CACCACATCTTAC"	"cel-miR-4929[5,18]"	NA
"MI0000303"	"cel-mir-228"	"UNCHANGED"	"CCTTATCCCGTTCGCAATGGCACTGCATGAATTCACGGCTATGCATAACGACAGACCGCGGATCATACGGTACCATAGCGGACGGTGATGAGGTTAAT"	"MIMAT0000283"	"cel-miR-228-5p"	"AATGGCACTGCATGAATTCACGG"	""	"GCACTGCATGAAT"	"cel-miR-228-5p[5,18]"	NA
"MI0026832"	"cel-mir-8201"	NA	"TCTGGATCGATAATGTAAACCTATTGAATCTATAGAATTACATTATTGATCCAGAGA"	"MIMAT0032816"	"cel-miR-8201-3p"	"AATTACATTATTGATCCAGAGA"	""	"ACATTATTGATCC"	"cel-miR-8201-3p[5,18]"	NA
"MI0005189"	"cel-mir-789-1"	"UNCHANGED"	"TGTCCTGAAGGCAGGCAATTGATGACCCAGACAAGGACTAATCAAGATTGTCGATCTAGTCCCTGCCTGGGTCACCAATTGTCGGCCCCCGCGGGCA"	"MIMAT0032016"	"cel-miR-789-5p"	"AATTGATGACCCAGACAAGGAC"	""	"GATGACCCAGACA"	"cel-miR-789-5p[5,18]"	NA
"MI0005190"	"cel-mir-789-2"	"UNCHANGED"	"TGTCCTGAAGGCGGACAATTGATGACTCAGGCAGGGACTAATCATGATTGTCGATTTAGTCCCTGCCTGGGTCACCAATTGTCGGCCCCCGCGGACA"	"MIMAT0032017"	"cel-miR-789-2-5p"	"AATTGATGACTCAGGCAGGGAC"	""	"GATGACTCAGGCA"	"cel-miR-789-2-5p[5,18]"	NA
"MI0000002"	"cel-lin-4"	NA	"ATGCTTCCGGCCTGTTCCCTGAGACCTCAAGTGTGAGTGTACTATTGATGCTTCACACCTGGGCTCTCCGGGTACCAGGACGGTTTGAGCAGAT"	"MIMAT0015092"	"cel-lin-4-3p"	"ACACCTGGGCTCTCCGGGTACC"	""	"CTGGGCTCTCCGG"	"cel-lin-4-3p[5,18]"	NA
"MI0010965"	"cel-mir-2215"	"UNCHANGED"	"ACAGCACGTGTTACGATGCTCCGTTAGTTCGGAGTTTTTACGGAGAATCGTAGCGCGTGTTGTTT"	"MIMAT0011445"	"cel-miR-2215-5p"	"ACAGCACGTGTTACGATGCTCC"	""	"CACGTGTTACGAT"	"cel-miR-2215-5p[5,18]"	NA
"MI0010972"	"cel-mir-2219"	"UNCHANGED"	"ACAGCTTTCTCTCGCACATCGTCAGCTAGATTTGAACTCTGTATGAAAGCTGACGAAGTGCGAGGGAAAGCTGAAG"	"MIMAT0011459"	"cel-miR-2219-5p"	"ACAGCTTTCTCTCGCACATCGTC"	""	"CTTTCTCTCGCAC"	"cel-miR-2219-5p[5,18]"	NA
"MI0000019"	"cel-mir-48"	NA	"AAACTCCCGGGAACTTGAGGTAGGCTCAGTAGATGCGAATTGAACGGTATCTCACATCCACCAGCCTAGCTCGCATTCCCAGAGTTTACGGTATTGTT"	"MIMAT0015098"	"cel-miR-48-3p"	"ACATCCACCAGCCTAGCTCGCA"	""	"CCACCAGCCTAGC"	"cel-miR-48-3p[5,18]"	NA
"MI0019072"	"cel-mir-5551"	NA	"TTAATTATTTTTGGAGTGGAGCTGTAAATGGTTGGAATCTGGTATAATGGCTTCGAGACTTTTTATACCAATTTCTTACCATTAGCATCTACACTTTCAAATCTAAATC"	"MIMAT0022194"	"cel-miR-5551-3p"	"ACCAATTTCTTACCATTAGCATC"	""	"ATTTCTTACCATT"	"cel-miR-5551-3p[5,18]"	NA
"MI0007985"	"cel-mir-1823"	"UNCHANGED"	"CTTTGACCTGAACGTCACCCCTAACCCTATGCAGTATTTGGAGCTCATAAAATACTGGAAGTGTTTAGGAGTAATGCTCAGTTGTCAGAA"	"MIMAT0032035"	"cel-miR-1823-5p"	"ACCCCTAACCCTATGCAGTATTT"	""	"CTAACCCTATGCA"	"cel-miR-1823-5p[5,18]"	NA
"MI0019067"	"cel-mir-5546"	"UNCHANGED"	"AGCTAAATAATTGCATTTTCGCAACCCTTTCGCCAATTTTTTTCGTGAAAAAACGTGTAATTTTACGAAAAATTGCGCGCATGGGTTGCGAAAACGCATTAACCGCACGG"	"MIMAT0022183"	"cel-miR-5546-5p"	"ACCCTTTCGCCAATTTTTTTCGT"	""	"TTTCGCCAATTTT"	"cel-miR-5546-5p[5,18]"	NA
"MI0000757"	"cel-mir-358"	"UNCHANGED"	"AAACTCGCGACGGCTGGCGACCTGGCCAGGCATTCCAACTGTCAAACTTACAAAGCTTTCTCGACAATTGGTATCCCTGTCAAGGTCTCAATCCGTTCAGCGAATTCGTT"	"MIMAT0015120"	"cel-miR-358-5p"	"ACCTGGCCAGGCATTCCAACTGT"	""	"GGCCAGGCATTCC"	"cel-miR-358-5p[5,18]"	NA
"MI0005192"	"cel-mir-791"	"UNCHANGED"	"GAACCTTCGATTACCTTATCCGTTGTAGCCAAAGTTCAACGAAGCGGCAACTTTGGCACTCCGCAGATAAGGCAATCGATTGTTT"	"MIMAT0020350"	"cel-miR-791-5p"	"ACCTTATCCGTTGTAGCCAAAGT"	""	"TATCCGTTGTAGC"	"cel-miR-791-5p[5,18]"	NA
"MI0000753"	"cel-mir-354"	NA	"CAGAGCCGACTAAGCACCTTGGTGCGGCTGCAGACGGGTATCCGGCTCGACGTTCATACATCACGACTTCTTTCCTTTTACCTTGTTTGTTGCTGCTCCTATTGGTTTTG"	"MIMAT0000696"	"cel-miR-354-3p"	"ACCTTGTTTGTTGCTGCTCCT"	""	"TTGTTTGTTGCTG"	"cel-miR-354-3p[4,17]"	NA
"MI0000028"	"cel-mir-57"	NA	"ATCGACATGCTCGTCTACCCTGTAGATCGAGCTGTGTGTTTGAAACAATCATACACGAGCTAGACTACAAGGTGCACGAACAAACCGAAGATTTATGAA"	"MIMAT0020314"	"cel-miR-57-3p"	"ACGAGCTAGACTACAAGGTGCA"	""	"GCTAGACTACAAG"	"cel-miR-57-3p[5,18]"	NA
"MI0000005"	"cel-mir-34"	NA	"CGGACAATGCTCGAGAGGCAGTGTGGTTAGCTGGTTGCATATTTCCTTGACAACGGCTACCTTCACTGCCACCCCGAACATGTCGTCCATCTTTGAA"	"MIMAT0015093"	"cel-miR-34-3p"	"ACGGCTACCTTCACTGCCACCC"	""	"CTACCTTCACTGC"	"cel-miR-34-3p[5,18]"	NA
"MI0026847"	"cel-mir-8211"	NA	"ACTCGAGGCCGGTGAGCTGCGTGAAATGGCCGGCTATCTATTACGGCTCGCCGAGCTTCGAGAAC"	"MIMAT0032843"	"cel-miR-8211-3p"	"ACGGCTCGCCGAGCTTCGAGAAC"	""	"CTCGCCGAGCTTC"	"cel-miR-8211-3p[5,18]"	NA
"MI0026847"	"cel-mir-8211"	"UNCHANGED"	"ACTCGAGGCCGGTGAGCTGCGTGAAATGGCCGGCTATCTATTACGGCTCGCCGAGCTTCGAGAAC"	"MIMAT0032842"	"cel-miR-8211-5p"	"ACTCGAGGCCGGTGAGCTGC"	""	"CGAGGCCGGTGAG"	"cel-miR-8211-5p[4,17]"	NA
"MI0000054"	"cel-mir-83"	"UNCHANGED"	"AGCACCACTCGGAACCACTGAATTTATGTGTGTACTTGACGGCCAACAAGAGCATCGATCTAGCACCATATAAATTCAGTAATTTCGCGTCGAGAGCT"	"MIMAT0020775"	"cel-miR-83-5p"	"ACTGAATTTATGTGTGTACTTGA"	""	"AATTTATGTGTGT"	"cel-miR-83-5p[5,18]"	NA
"MI0026816"	"cel-mir-8186-1"	"UNCHANGED"	"ACTGCTCAAAGGACTTTGCTGCAAACATACTCAAATTTGCAGCAAAGTCCTTTGAGCAGTT"	"MIMAT0032785"	"cel-miR-8186-5p-1-2"	"ACTGCTCAAAGGACTTTGCTGC"	""	"CTCAAAGGACTTT"	"cel-miR-8186-5p-1-2[5,18]"	NA
"MI0026817"	"cel-mir-8186-2"	"UNCHANGED"	"ACTGCTCAAAGGACTTTGCTGCAAATTTGAGTATGTTTGCAGCAAAGTCCTTTGAGCAGTT"	"MIMAT0032785"	"cel-miR-8186-5p-1-2"	"ACTGCTCAAAGGACTTTGCTGC"	""	"CTCAAAGGACTTT"	"cel-miR-8186-5p-1-2[5,18]"	NA
"MI0008196"	"cel-mir-1828"	"UNCHANGED"	"GATCACTTTTATCGGTTCCGGTCCCTCTGCAAAAAAGTGGACTGGAAGCATTTAAGTGATAGT"	"MIMAT0006768"	"cel-miR-1828"	"ACTGGAAGCATTTAAGTGATAGT"	""	"GAAGCATTTAAGT"	"cel-miR-1828[5,18]"	NA
"MI0000305"	"cel-mir-230"	"UNCHANGED"	"TTGATGTAATGCCGTCACTTGGTCGGCGATTTAATATTATCAGAACATAGGAAATTGTTAGTATTAGTTGTGCGACCAGGAGACGGTATTCGCATATT"	"MIMAT0015113"	"cel-miR-230-5p"	"ACTTGGTCGGCGATTTAATATTA"	""	"GGTCGGCGATTTA"	"cel-miR-230-5p[5,18]"	NA
"MI0019066"	"cel-mir-5545"	NA	"GGTGAGGGGTGTGTCCCATGCCGGTTTGATCTACAAAAAATGCGGGAGCATAGAAAAATCCCGCACTTTTGTAGATCAAACCGACATGGGACAACCTGACACTGTGTTCA"	"MIMAT0022182"	"cel-miR-5545-3p"	"ACTTTTGTAGATCAAACCGACAT"	""	"TTGTAGATCAAAC"	"cel-miR-5545-3p[5,18]"	NA
"MI0000304"	"cel-mir-229"	NA	"CGCCGGCAATGACACTGGTTATCTTTTCCATCGTGGAATGCCCCCCATTGATTTTTTCCCCTTTTCGGGGGGAAAAAATTGGAAACGAGAAAGGTATCGGGTGTCATAGCCGGCG"	"MIMAT0015112"	"cel-miR-229-3p"	"AGAAAGGTATCGGGTGTCATAG"	""	"AGGTATCGGGTGT"	"cel-miR-229-3p[5,18]"	NA
"MI0010965"	"cel-mir-2215"	NA	"ACAGCACGTGTTACGATGCTCCGTTAGTTCGGAGTTTTTACGGAGAATCGTAGCGCGTGTTGTTT"	"MIMAT0011446"	"cel-miR-2215-3p"	"AGAATCGTAGCGCGTGTTGTTT"	""	"TCGTAGCGCGTGT"	"cel-miR-2215-3p[5,18]"	NA
"MI0010971"	"cel-mir-2218b"	"UNCHANGED"	"AGACTACAAACTACATCATTTTCCATCTCTTTGGTGAGGCTAGAAAATTTGTAGTTTGTAGTGAGA"	"MIMAT0011457"	"cel-miR-2218b-5p"	"AGACTACAAACTACATCATTTTC"	""	"TACAAACTACATC"	"cel-miR-2218b-5p[5,18]"	NA
"MI0017543"	"cel-mir-4813"	"UNCHANGED"	"ATTTCACCAGACTATCTAGGAAATATTGAACTAATACAAATTTTAGTTCAATATACCGGATGGTCTGGTGAAAGCAA"	"MIMAT0020000"	"cel-miR-4813-5p"	"AGACTATCTAGGAAATATTGAACT"	""	"ATCTAGGAAATAT"	"cel-miR-4813-5p[6,19]"	NA
"MI0026833"	"cel-mir-8202"	NA	"TGAACAGAAAAAGTCGTGTGTTTCAAGAAGTCGATAATATTCAAGACTTAATTTTTTTGTTGCAGAGACATTTTGGACAATTGC"	"MIMAT0032818"	"cel-miR-8202-3p"	"AGAGACATTTTGGACAATTGC"	""	"GACATTTTGGACA"	"cel-miR-8202-3p[4,17]"	NA
"MI0005879"	"cel-mir-1018"	"UNCHANGED"	"GTAAGTTCATGATTTCTCCCATATATTTTTCATGAGAGAGATCATTGGACTTACAG"	"MIMAT0005031"	"cel-miR-1018"	"AGAGAGATCATTGGACTTACAG"	""	"AGATCATTGGACT"	"cel-miR-1018[5,18]"	NA
"MI0008204"	"cel-mir-58b"	NA	"TGACTCGGTGTGTGATCTCTTACCGTTTTATGGATAAGAGATCAACCATTGAGATCCAA"	"MIMAT0006776"	"cel-miR-58b-3p"	"AGAGATCAACCATTGAGATCCAA"	""	"ATCAACCATTGAG"	"cel-miR-58b-3p[5,18]"	NA
"MI0010958"	"cel-mir-2209a"	NA	"GAGTGTAACCACTCTTCTCCTTCCGAGTATTGATTATCGAGAAGAGATCAGCGGTTACACTACA"	"MIMAT0011432"	"cel-miR-2209a-3p"	"AGAGATCAGCGGTTACACTACA"	""	"ATCAGCGGTTACA"	"cel-miR-2209a-3p[5,18]"	NA
"MI0039738"	"cel-mir-58c"	"NEW"	"ATATTCAATTGCAACCTGTTGGTTGATCTCCTACCAAATAATGGATAAGAGATCAGGCAATAGGTTCAAAAGTGAATAA"	"MIMAT0049030"	"cel-miR-58c"	"AGAGATCAGGCAATAGGTTCAAA"	""	"ATCAGGCAATAGG"	"cel-miR-58c[5,18]"	NA
"MI0010969"	"cel-mir-2209b"	NA	"AGTGTAACAACTCTTCTCCTTCCGAAAACCAATAATCGAGAAGAGATGAGCGGTTGTGCTTCA"	"MIMAT0011454"	"cel-miR-2209b-3p"	"AGAGATGAGCGGTTGTGCTTCA"	""	"ATGAGCGGTTGTG"	"cel-miR-2209b-3p[5,18]"	NA
"MI0019159"	"cel-mir-5595"	NA	"TCTCTTTTTTCTCGCATGCCATCTCAAAACATCGATGGCGAGAGAGCGTGTGGAGAAGAGAGACG"	"MIMAT0022314"	"cel-miR-5595-3p"	"AGAGCGTGTGGAGAAGAGAGACG"	""	"CGTGTGGAGAAGA"	"cel-miR-5595-3p[5,18]"	NA
"MI0000325"	"cel-mir-249"	"UNCHANGED"	"ATACTCTTGAACGACTAGCAACGCACAAACGTCTTCTGTGCGACAACATCTGAATGTTTGTCACAGGACTTTTGAGCGTTGCCAGTCGAAAGAGGAA"	"MIMAT0020338"	"cel-miR-249-5p"	"AGCAACGCACAAACGTCTTCTGTG"	""	"CGCACAAACGTCT"	"cel-miR-249-5p[6,19]"	NA
"MI0005185"	"cel-mir-785"	"UNCHANGED"	"GCTCTTTTTCTCACCCATCAGCACAGAATTTTTCGCTAACAGAAACCTCAAAACAATGTAAGTGAATTGTTTTGTGTAGATGGTGGAAATGAGC"	"MIMAT0032015"	"cel-miR-785-5p"	"AGCACAGAATTTTTCGCTAACA"	""	"CAGAATTTTTCGC"	"cel-miR-785-5p[5,18]"	NA
"MI0000819"	"cel-mir-392"	"UNCHANGED"	"TTTTTGAAAATCTCGCAGACGTGTTCAGTCAGCATTCGTGGTTGAGGATATCGAACACAAAAAAAGATATCATCGATCACGTGTGATGACAGATTTTCTGCGACTAACAG"	"MIMAT0020344"	"cel-miR-392-5p"	"AGCATTCGTGGTTGAGGATAT"	""	"ATTCGTGGTTGAG"	"cel-miR-392-5p[4,17]"	NA
"MI0019069"	"cel-mir-5548"	NA	"GTTCCATCCTTGACCGCCGAACTGGTGTTTCATAAAGCCTTCTCACTCTCCACGGCGGTAGGCAAGCCCTGTGGATTGGAGAAGGAGAAGCCCCACAGGATGTCCCGAAA"	"MIMAT0022188"	"cel-miR-5548-3p"	"AGCCCTGTGGATTGGAGAAGGAGA"	""	"TGTGGATTGGAGA"	"cel-miR-5548-3p[6,19]"	NA
"MI0000010"	"cel-mir-39"	"UNCHANGED"	"TATACCGAGAGCCCAGCTGATTTCGTCTTGGTAATAAGCTCGTCATTGAGATTATCACCGGGTGTAAATCAGCTTGGCTCTGGTGTC"	"MIMAT0020306"	"cel-miR-39-5p"	"AGCTGATTTCGTCTTGGTAATA"	""	"GATTTCGTCTTGG"	"cel-miR-39-5p[5,18]"	NA
"MI0000043"	"cel-mir-72"	NA	"AGGTCCCGTCAGAGCTAGGCAAGATGTTGGCATAGCTGAATGATCGCTATAACAACTATCAGCTTCGCCACATTCTGCCACGCACTGATGTGAGGACCT"	"MIMAT0020318"	"cel-miR-72-3p"	"AGCTTCGCCACATTCTGCCACG"	""	"TCGCCACATTCTG"	"cel-miR-72-3p[5,18]"	NA
"MI0000051"	"cel-mir-80"	"UNCHANGED"	"ATGGACACTCGTTCGCTCAGCTTTCGACATGATTCTGAACAATCCGCAAGCCCATGTTGTTGAGATCATTAGTTGAAAGCCGAATGATCAGAGATATC"	"MIMAT0000052"	"cel-miR-80-5p"	"AGCTTTCGACATGATTCTGAAC"	""	"TTCGACATGATTC"	"cel-miR-80-5p[5,18]"	NA
"MI0000025"	"cel-mir-54"	"UNCHANGED"	"GTGAGTCGCGCTCTGACTAGGATATGAGACGACGAGAACATTGCTTTTTTAAAAGACTTGTACCCGTAATCTTCATAATCCGAGTCAGGGCTAGCTGAC"	"MIMAT0020773"	"cel-miR-54-5p"	"AGGATATGAGACGACGAGAACA"	""	"TATGAGACGACGA"	"cel-miR-54-5p[5,18]"	NA
"MI0000346"	"cel-mir-266"	"UNCHANGED"	"TGTCTAAACTTGGGCAAAAGTTAGGCAAGACTTTGGCAAAGCTTGAATCCAAGTTTTGCCAAAGTTTTGCCCAACTTTTGCCCAAATTCAGCCA"	"MIMAT0000322"	"cel-miR-266"	"AGGCAAGACTTTGGCAAAGC"	""	"CAAGACTTTGGCA"	"cel-miR-266[4,17]"	NA
"MI0026818"	"cel-mir-8187"	NA	"TCGGGAATGCCTACGCCTGCTTACCTGCCTATTAGGCATGGAATAGGCACGTAGGCAGGCAAGATGTAGGCACGATG"	"MIMAT0032788"	"cel-miR-8187-3p"	"AGGCAAGATGTAGGCACGATG"	""	NA	NA	NA
"MI0026819"	"cel-mir-8188"	"UNCHANGED"	"AGGCAAGATGTAGGCACGTAGGCAGTCAGGCCTCCAGTAGACACTTGCGAAATATGC"	"MIMAT0032789"	"cel-miR-8188-5p"	"AGGCAAGATGTAGGCACGT"	""	NA	NA	NA
"MI0000043"	"cel-mir-72"	"UNCHANGED"	"AGGTCCCGTCAGAGCTAGGCAAGATGTTGGCATAGCTGAATGATCGCTATAACAACTATCAGCTTCGCCACATTCTGCCACGCACTGATGTGAGGACCT"	"MIMAT0000044"	"cel-miR-72-5p"	"AGGCAAGATGTTGGCATAGCTGA"	""	"AAGATGTTGGCAT"	"cel-miR-72-5p[5,18]"	NA
"MI0010960"	"cel-mir-2210"	"UNCHANGED"	"AGGCAGATCAATCAATTTTTAGGTTTATATAAATAATCCTAAAGTCGATTGCTCTACCCAC"	"MIMAT0011435"	"cel-miR-2210-5p"	"AGGCAGATCAATCAATTTTTAGG"	""	"AGATCAATCAATT"	"cel-miR-2210-5p[5,18]"	NA
"MI0000005"	"cel-mir-34"	"UNCHANGED"	"CGGACAATGCTCGAGAGGCAGTGTGGTTAGCTGGTTGCATATTTCCTTGACAACGGCTACCTTCACTGCCACCCCGAACATGTCGTCCATCTTTGAA"	"MIMAT0000005"	"cel-miR-34-5p"	"AGGCAGTGTGGTTAGCTGGTTG"	""	"AGTGTGGTTAGCT"	"cel-miR-34-5p[5,18]"	NA
"MI0010970"	"cel-mir-2218a"	NA	"CAAACTACAAGTTTTAAGCCTCACCAAAAGTTGGGTGAGGCCAGAATAGTGTAGTTTGTA"	"MIMAT0011456"	"cel-miR-2218a-3p"	"AGGCCAGAATAGTGTAGTTTGTA"	""	"CAGAATAGTGTAG"	"cel-miR-2218a-3p[5,18]"	NA
"MI0000310"	"cel-mir-235"	"UNCHANGED"	"TCCGAAGATATCAGGATCAGGCCTTGGCTGATTGCAAAATTGTTCACCGTGAAAATTAAATATTGCACTCTCCCCGGCCTGATCTGAGAGTAAGGCG"	"MIMAT0020331"	"cel-miR-235-5p"	"AGGCCTTGGCTGATTGCAAAATT"	""	"CTTGGCTGATTGC"	"cel-miR-235-5p[5,18]"	NA
"MI0026828"	"cel-mir-8197"	"UNCHANGED"	"AGTGCTTTGCTCCACCCAACTCGTAACCAATTAGAAAGATGGGAAGGAGTTGGCAAAGCAAGGTTCTGA"	"MIMAT0032807"	"cel-miR-8197-5p"	"AGTGCTTTGCTCCACCCAACTC"	""	"CTTTGCTCCACCC"	"cel-miR-8197-5p[5,18]"	NA
"MI0000011"	"cel-mir-40"	"UNCHANGED"	"TCCTGTCCGCACCTCAGTGGATGTATGCCATGATGATAAGATATCAGAAATCCTATCACCGGGTGTACATCAGCTAAGGTGCGGGTACAGGT"	"MIMAT0020307"	"cel-miR-40-5p"	"AGTGGATGTATGCCATGATGATA"	""	"GATGTATGCCATG"	"cel-miR-40-5p[5,18]"	NA
"MI0010967"	"cel-mir-1832b"	NA	"CAGCGAATCGCTCGGCCCACTTTTGTGAACCAATCAGCGTCAAAAGTGGGCAGAGCGATTCGCTGAT"	"MIMAT0011450"	"cel-miR-1832b-3p"	"AGTGGGCAGAGCGATTCGCTGAT"	""	"GGCAGAGCGATTC"	"cel-miR-1832b-3p[5,18]"	NA
"MI0010969"	"cel-mir-2209b"	"UNCHANGED"	"AGTGTAACAACTCTTCTCCTTCCGAAAACCAATAATCGAGAAGAGATGAGCGGTTGTGCTTCA"	"MIMAT0011453"	"cel-miR-2209b-5p"	"AGTGTAACAACTCTTCTCCTTC"	""	"TAACAACTCTTCT"	"cel-miR-2209b-5p[5,18]"	NA
"MI0000314"	"cel-mir-239a"	NA	"TACACGTTTGCAATTTTTGTACTACACATAGGTACTGGACAATTTTCAAAATATATCCAGTGTCTAGTCTAGTGCAAACATTGCTCGGTGTTGTTTGA"	"MIMAT0020334"	"cel-miR-239a-3p"	"AGTGTCTAGTCTAGTGCAAACA"	""	"TCTAGTCTAGTGC"	"cel-miR-239a-3p[5,18]"	NA
"MI0007984"	"cel-mir-1822"	"UNCHANGED"	"ATTCTTGAAAACTCCAATAGTTTCTCTGGGAAAGCTATCGGCCAAATTTAACTGTCCGAGCTGCCCTCAGAAAAACTCTTGGCTCATCGAGAAA"	"MIMAT0015266"	"cel-miR-1822-5p"	"AGTTTCTCTGGGAAAGCTATCGGC"	""	"CTCTGGGAAAGCT"	"cel-miR-1822-5p[6,19]"	NA
"MI0000050"	"cel-mir-79"	NA	"TAGTAGACATTCTCCGATCTTTGGTGATTCAGCTTCAATGATTGGCTACAGGTTTCTTTCATAAAGCTAGGTTACCAAAGCTCGGCGTCTTGATCTAC"	"MIMAT0000051"	"cel-miR-79-3p"	"ATAAAGCTAGGTTACCAAAGCT"	""	"AGCTAGGTTACCA"	"cel-miR-79-3p[5,18]"	NA
"MI0000328"	"cel-mir-252"	"UNCHANGED"	"TCCAGGGGTCTCTTTCAGTTATAAGTAGTAGTGCCGCAGGTAACCGCCAGTCTAAAAGGCTTACCTACTGCCTTCTGCTTAAAATTGAAATATTGATG"	"MIMAT0000308"	"cel-miR-252-5p"	"ATAAGTAGTAGTGCCGCAGGTAA"	""	"GTAGTAGTGCCGC"	"cel-miR-252-5p[5,18]"	NA
"MI0000324"	"cel-mir-248"	"UNCHANGED"	"TTTCCCGGCTGCAACTACGGTAAGCGGTATCCAGCCGATGTTTTCAATACTGCATTTGAATACACGTGCACGGATAACGCTCATTGTTTTTCGCATGC"	"MIMAT0000304"	"cel-miR-248"	"ATACACGTGCACGGATAACGCTCA"	""	"CGTGCACGGATAA"	"cel-miR-248[6,19]"	NA
"MI0019155"	"cel-mir-5593-1"	NA	"GATGGCTGGAATATCGGTATTCTCGGCTGAAACATGCACTAAATACCGCATTCCAACCAACAA"	"MIMAT0022308"	"cel-miR-5593-3p-1-2"	"ATACCGCATTCCAACCAACAA"	""	"CCGCATTCCAACC"	"cel-miR-5593-3p-1-2[4,17]"	NA
"MI0019156"	"cel-mir-5593-2"	NA	"GATGGCTGGAATATCGGTATTCTCGGCTGAAACATGCACTAAATACCGCATTCCAACCAACAA"	"MIMAT0022308"	"cel-miR-5593-3p-1-2"	"ATACCGCATTCCAACCAACAA"	""	"CCGCATTCCAACC"	"cel-miR-5593-3p-1-2[4,17]"	NA
"MI0017536"	"cel-mir-4806"	NA	"GGATTCAGTGGCGAGCCACTTACCGGCTGAGCCATGCGCGCTGCGCTGCATAGCTCAGCCGGTAAGAGGCTTGCCTTTGGAGC"	"MIMAT0019989"	"cel-miR-4806-3p"	"ATAGCTCAGCCGGTAAGAGGC"	""	"GCTCAGCCGGTAA"	"cel-miR-4806-3p[4,17]"	NA
"MI0017724"	"cel-mir-4938"	"UNCHANGED"	"TCCGTATTGCTGCCACATTGACATCATCATGCATCATCAGCATGCTGCGCAGAGCCTGAAATGATAAATGTTGTTGTCAAAATATTATTGCAACCGACGAATAATTTAAA"	"MIMAT0020144"	"cel-miR-4938"	"ATCATCATGCATCATCAGCATGC"	""	"TCATGCATCATCA"	"cel-miR-4938[5,18]"	NA
"MI0017546"	"cel-mir-4816"	NA	"GTAAGTGGTTTTTGTAGATCAAAATAGTTAAGAAATTTTTTGATCTACAATTTTCGCACTTACAG"	"MIMAT0020006"	"cel-miR-4816-3p"	"ATCTACAATTTTCGCACTTACAG"	""	"ACAATTTTCGCAC"	"cel-miR-4816-3p[5,18]"	NA
"MI0005900"	"cel-mir-1022"	NA	"GGTCCAAAATCGGCAAGATCATTGTTAGGACGCCATCTTGAAGCAATATAAAGATGATAGTCCAATGATGATCCAGCTGTTCAAGGCT"	"MIMAT0020357"	"cel-miR-1022-3p"	"ATGATAGTCCAATGATGATCCAGC"	""	"AGTCCAATGATGA"	"cel-miR-1022-3p[6,19]"	NA
"MI0010955"	"cel-mir-2207"	NA	"TGTGAATTGAGACTGTGTATAAGAATGTAAGGAGGAGAGGGGCCGTTCGTATCGTTCGTCTTATGCACAGGCTCAATGCACACA"	"MIMAT0011426"	"cel-miR-2207-3p"	"ATGCACAGGCTCAATGCACACA"	""	"ACAGGCTCAATGC"	"cel-miR-2207-3p[5,18]"	NA
"MI0010957"	"cel-mir-2208b"	NA	"AAGTGTACCCGGATCTGATATCCTATCACCAAAAAGAGGATGCAGATTTTGGTACACTTCA"	"MIMAT0011430"	"cel-miR-2208b-3p"	"ATGCAGATTTTGGTACACTTCA"	""	"AGATTTTGGTACA"	"cel-miR-2208b-3p[5,18]"	NA
"MI0010956"	"cel-mir-2208a"	NA	"AAGTGTACCCGAATCTGATATCCTATCATCTGAAAAAGGATGCAGTTTCTGGTATACTTCA"	"MIMAT0011428"	"cel-miR-2208a-3p"	"ATGCAGTTTCTGGTATACTTCA"	""	"AGTTTCTGGTATA"	"cel-miR-2208a-3p[5,18]"	NA
"MI0026825"	"cel-mir-8194"	"UNCHANGED"	"ATGCGCCTTTAAAAAGGTACGGTAGGTGATTACCGTACACTCTTAAAGGCGCATGC"	"MIMAT0032801"	"cel-miR-8194-5p"	"ATGCGCCTTTAAAAAGGTACGG"	""	"GCCTTTAAAAAGG"	"cel-miR-8194-5p[5,18]"	NA
"MI0026820"	"cel-mir-8189"	NA	"TCTCTTATCCACTAGGCCACGAGTGCCAGCGCCCTCAAGGAGTCGGGTCCGCATGGCCTAGTGGATAAGAGGGA"	"MIMAT0032792"	"cel-miR-8189-3p"	"ATGGCCTAGTGGATAAGAGGGA"	""	"CCTAGTGGATAAG"	"cel-miR-8189-3p[5,18]"	NA
"MI0005881"	"cel-mir-1020"	NA	"GTAAGTGTTACAGAATAATCTTAGACAAAACAACTAAAATTAATGAAAAATTATTCTGTGACACTTTCAG"	"MIMAT0005033"	"cel-miR-1020-3p"	"ATTATTCTGTGACACTTTCAG"	""	"ATTCTGTGACACT"	"cel-miR-1020-3p[4,17]"	NA
"MI0026821"	"cel-mir-8190"	NA	"CGGGAAATCGCTTTGGAATCCAGGAAATCCGGGAATTTCGGGATTCCTACCGATTTTCAGCG"	"MIMAT0032794"	"cel-miR-8190-3p"	"ATTCCTACCGATTTTCAGCG"	""	"CCTACCGATTTTC"	"cel-miR-8190-3p[4,17]"	NA
"MI0000757"	"cel-mir-358"	NA	"AAACTCGCGACGGCTGGCGACCTGGCCAGGCATTCCAACTGTCAAACTTACAAAGCTTTCTCGACAATTGGTATCCCTGTCAAGGTCTCAATCCGTTCAGCGAATTCGTT"	"MIMAT0000700"	"cel-miR-358-3p"	"ATTGGTATCCCTGTCAAGGTCT"	""	"GTATCCCTGTCAA"	"cel-miR-358-3p[5,18]"	NA
"MI0000321"	"cel-mir-245"	NA	"CTGAATTCAATGTTGGAGAGCTATTTGCAAGGTACCTAATTGTTTGATTATTGATTCTCAATTGGTCCCCTCCAAGTAGCTCTATTGCATTGTTTGC"	"MIMAT0000301"	"cel-miR-245-3p"	"ATTGGTCCCCTCCAAGTAGCTC"	""	"GTCCCCTCCAAGT"	"cel-miR-245-3p[5,18]"	NA
"MI0000317"	"cel-mir-241"	NA	"CGGGGGTGTCAAAGTTGAGGTAGGTGCGAGAAATGACGGCATCCATATAGTAATCGTTCATTGTCTCTCAGCTGCTTCATCTGTGACATGGCTACG"	"MIMAT0020335"	"cel-miR-241-3p"	"ATTGTCTCTCAGCTGCTTCATC"	""	"TCTCTCAGCTGCT"	"cel-miR-241-3p[5,18]"	NA
"MI0010970"	"cel-mir-2218a"	"UNCHANGED"	"CAAACTACAAGTTTTAAGCCTCACCAAAAGTTGGGTGAGGCCAGAATAGTGTAGTTTGTA"	"MIMAT0011455"	"cel-miR-2218a-5p"	"CAAACTACAAGTTTTAAGCCTCA"	""	"CTACAAGTTTTAA"	"cel-miR-2218a-5p[5,18]"	NA
"MI0019071"	"cel-mir-5550"	NA	"TGACACTCCACCGTTTCTAAACCCCGCCCAAGATTTCATTTGCACTGAAATGTGTCGGCCGCAGTGCAAATGAAATCGTGGGCGGGTCTCAGAAACAGCGGAGTGTCGTTG"	"MIMAT0022192"	"cel-miR-5550-3p"	"CAAATGAAATCGTGGGCGGG"	""	"ATGAAATCGTGGG"	"cel-miR-5550-3p[4,17]"	NA
"MI0017542"	"cel-mir-4812"	NA	"AGAAGTAAGAGCGCTTGTAGTGAGTTGTCAAAAATTGAGTATGACAACCACTGCAATTTCTCTATTACATTTTTGG"	"MIMAT0019999"	"cel-miR-4812-3p"	"CAACCACTGCAATTTCTCTAT"	""	"CCACTGCAATTTC"	"cel-miR-4812-3p[4,17]"	NA
"MI0008198"	"cel-mir-1829b"	NA	"AAGCGATCTTCTAGATGGTTGTAAAACATCGAGTATTACAACCACTGGAATTTCTCTATT"	"MIMAT0032037"	"cel-miR-1829b-3p"	"CAACCACTGGAATTTCTCTATT"	"cel-miR-1829c-3p"	"CACTGGAATTTCT"	"cel-miR-1829b-3p-1829c-3p[5,18]"	"cel-miR-1829b-3p-1829c-3p"
"MI0008199"	"cel-mir-1829c"	NA	"AAGCGAAATTCAAGATGGTTGTAAAACATCGAGTACTACAACCACTGGAATTTCTCTATTGC"	"MIMAT0032038"	"cel-miR-1829c-3p"	"CAACCACTGGAATTTCTCTATT"	"cel-miR-1829b-3p"	"CACTGGAATTTCT"	"cel-miR-1829b-3p-1829c-3p[5,18]"	"cel-miR-1829b-3p-1829c-3p"
"MI0008197"	"cel-mir-1829a"	NA	"AAGGGGACTTCTAATTGTTTGTAAAAAATCGAGTATTACAACCATTGGAATTTCTCTATT"	"MIMAT0006769"	"cel-miR-1829a-3p"	"CAACCATTGGAATTTCTCTATT"	""	"CATTGGAATTTCT"	"cel-miR-1829a-3p[5,18]"	NA
"MI0019068"	"cel-mir-5547"	"UNCHANGED"	"CTGCGGAATTTTGTTGATTGAGACAACTTTTAGACCAATAGGCATCCAAAAATGATCAAAATTGGATGCCTATCGGCCTAAAAGTTGTCTCAATCAACGAATGAGATAAA"	"MIMAT0022185"	"cel-miR-5547-5p"	"CAACTTTTAGACCAATAGGCAT"	""	"TTTTAGACCAATA"	"cel-miR-5547-5p[5,18]"	NA
"MI0010974"	"cel-mir-2221"	"UNCHANGED"	"TACATTTATTCTTACTGTCCTCGAATACAAACTGGCGGTTTGCATTCACTTACATTTATAAGACAAAAATGCAAGTGATACCAGACCGCTAGTTTGTAAAAGGGATAATTTTATGTGA"	"MIMAT0011463"	"cel-miR-2221"	"CAAGTGATACCAGACCGCTAGT"	""	"TGATACCAGACCG"	"cel-miR-2221[5,18]"	NA
"MI0000055"	"cel-mir-84"	NA	"GTGGCATCTGAGGTAGTATGTAATATTGTAGACTGTCTATAATGTCCACAATGTTTCAACTAACTCGGCTGTTCT"	"MIMAT0015110"	"cel-miR-84-3p"	"CACAATGTTTCAACTAACTCGGC"	""	"ATGTTTCAACTAA"	"cel-miR-84-3p[5,18]"	NA
"MI0000023"	"cel-mir-52"	"UNCHANGED"	"TCCAACTCTAACAGTCCACCCGTACATATGTTTCCGTGCTTGACAGCGAAGCTCAATCACGTTACAATGAAAGGGTAGCCGGTTATTGAAGTTGGGTCTT"	"MIMAT0000023"	"cel-miR-52-5p"	"CACCCGTACATATGTTTCCGTGCT"	""	"GTACATATGTTTC"	"cel-miR-52-5p[6,19]"	NA
"MI0000024"	"cel-mir-53"	"UNCHANGED"	"CCGATTCTGACAGTCCACCCGTACATTTGTTTCCGTGCTTGACTTCAAAGCTCAATCACGGCACAATATATGGGTCGCCAGTCATTGTAGTCGGAATTT"	"MIMAT0000024"	"cel-miR-53-5p"	"CACCCGTACATTTGTTTCCGTGCT"	""	"GTACATTTGTTTC"	"cel-miR-53-5p[6,19]"	NA
"MI0000024"	"cel-mir-53"	NA	"CCGATTCTGACAGTCCACCCGTACATTTGTTTCCGTGCTTGACTTCAAAGCTCAATCACGGCACAATATATGGGTCGCCAGTCATTGTAGTCGGAATTT"	"MIMAT0020312"	"cel-miR-53-3p"	"CACGGCACAATATATGGGTCGC"	""	"GCACAATATATGG"	"cel-miR-53-3p[5,18]"	NA
"MI0000023"	"cel-mir-52"	NA	"TCCAACTCTAACAGTCCACCCGTACATATGTTTCCGTGCTTGACAGCGAAGCTCAATCACGTTACAATGAAAGGGTAGCCGGTTATTGAAGTTGGGTCTT"	"MIMAT0020311"	"cel-miR-52-3p"	"CACGTTACAATGAAAGGGTAGC"	""	"TTACAATGAAAGG"	"cel-miR-52-3p[5,18]"	NA
"MI0017536"	"cel-mir-4806"	"UNCHANGED"	"GGATTCAGTGGCGAGCCACTTACCGGCTGAGCCATGCGCGCTGCGCTGCATAGCTCAGCCGGTAAGAGGCTTGCCTTTGGAGC"	"MIMAT0019988"	"cel-miR-4806-5p"	"CACTTACCGGCTGAGCCATGC"	""	"TTACCGGCTGAGC"	"cel-miR-4806-5p[4,17]"	NA
"MI0026844"	"cel-mir-2217b-1"	"UNCHANGED"	"CAGAGCGGGCAGTCGGTGTCAATCTGCAACAATAGCAGGTTGACCCTTGTGCTTGTTTCGGC"	"MIMAT0032839"	"cel-miR-2217b-1-5p"	"CAGAGCGGGCAGTCGGTGTCAATC"	""	"CGGGCAGTCGGTG"	"cel-miR-2217b-1-5p[6,19]"	NA
"MI0026845"	"cel-mir-2217b-2"	"UNCHANGED"	"CAGAGTGGGCAGTCGGTGTCAATCTGCAACAAAAGCAGTTTGACCCTTGTGCTTGTTTCGGC"	"MIMAT0032841"	"cel-miR-2217b-5p-1-2-3"	"CAGAGTGGGCAGTCGGTGTCAATC"	""	NA	NA	NA
"MI0026846"	"cel-mir-2217b-3"	"UNCHANGED"	"CAGAGTGGGCAGTCGGTGTCAATCTGCAACAATAGCAGGTTGACCCTTGTGCTTGTTTCGGC"	"MIMAT0032841"	"cel-miR-2217b-5p-1-2-3"	"CAGAGTGGGCAGTCGGTGTCAATC"	""	NA	NA	NA
"MI0026849"	"cel-mir-2217b-4"	"UNCHANGED"	"CAGAGTGGGCAGTCGGTGTCAATCTGCAACAATAGCAGGTTGACCCTTGTGCTTGTTTCGGC"	"MIMAT0032841"	"cel-miR-2217b-5p-1-2-3"	"CAGAGTGGGCAGTCGGTGTCAATC"	""	NA	NA	NA
"MI0010968"	"cel-mir-2217a"	"UNCHANGED"	"CAGAGTGGGCAGTCGGTGTCGATCTACATCATTCGCAGGTCGACCCTTGTGCCTGTTTCGGT"	"MIMAT0011451"	"cel-miR-2217a-5p"	"CAGAGTGGGCAGTCGGTGTCGATC"	""	NA	NA	NA
"MI0026816"	"cel-mir-8186-1"	NA	"ACTGCTCAAAGGACTTTGCTGCAAACATACTCAAATTTGCAGCAAAGTCCTTTGAGCAGTT"	"MIMAT0032786"	"cel-miR-8186-3p-1-2"	"CAGCAAAGTCCTTTGAGCAGTT"	""	"AAAGTCCTTTGAG"	"cel-miR-8186-3p-1-2[5,18]"	NA
"MI0026817"	"cel-mir-8186-2"	NA	"ACTGCTCAAAGGACTTTGCTGCAAATTTGAGTATGTTTGCAGCAAAGTCCTTTGAGCAGTT"	"MIMAT0032786"	"cel-miR-8186-3p-1-2"	"CAGCAAAGTCCTTTGAGCAGTT"	""	"AAAGTCCTTTGAG"	"cel-miR-8186-3p-1-2[5,18]"	NA
"MI0010967"	"cel-mir-1832b"	"UNCHANGED"	"CAGCGAATCGCTCGGCCCACTTTTGTGAACCAATCAGCGTCAAAAGTGGGCAGAGCGATTCGCTGAT"	"MIMAT0011449"	"cel-miR-1832b-5p"	"CAGCGAATCGCTCGGCCCACTTT"	""	"GAATCGCTCGGCC"	"cel-miR-1832b-5p[5,18]"	NA
"MI0008202"	"cel-mir-1832a"	"UNCHANGED"	"CAGCGATTCGAACTCCGCCCACTGCACCTGATTGGTTGACAAGTGGGCGGAGCGAATCGATGAT"	"MIMAT0032039"	"cel-miR-1832a-5p"	"CAGCGATTCGAACTCCGCCCACT"	""	"GATTCGAACTCCG"	"cel-miR-1832a-5p[5,18]"	NA
"MI0026819"	"cel-mir-8188"	NA	"AGGCAAGATGTAGGCACGTAGGCAGTCAGGCCTCCAGTAGACACTTGCGAAATATGC"	"MIMAT0032790"	"cel-miR-8188-3p"	"CAGTAGACACTTGCGAAATATGC"	""	"AGACACTTGCGAA"	"cel-miR-8188-3p[5,18]"	NA
"MI0000046"	"cel-mir-75"	"UNCHANGED"	"TTCTTGTTGCTTTGAAGAATTGCAGTCGGTTGCAAGCTTAAATACAAATCCGAATTGTTATTAAAGCTACCAACCGGCTTCAAGTCTGAAAGAGCAG"	"MIMAT0015108"	"cel-miR-75-5p"	"CAGTCGGTTGCAAGCTTAAATA"	""	"CGGTTGCAAGCTT"	"cel-miR-75-5p[5,18]"	NA
"MI0000003"	"cel-mir-1"	"UNCHANGED"	"AAAGTGACCGTACCGAGCTGCATACTTCCTTACATGCCCATACTATATCATAAATGGATATGGAATGTAAAGAAGTATGTAGAACGGGGTGGTAGT"	"MIMAT0020301"	"cel-miR-1-5p"	"CATACTTCCTTACATGCCCATA"	""	"CTTCCTTACATGC"	"cel-miR-1-5p[5,18]"	NA
"MI0000004"	"cel-mir-2"	"UNCHANGED"	"TAAACAGTATACAGAAAGCCATCAAAGCGGTGGTTGATGTGTTGCAAATTATGACTTTCATATCACAGCCAGCTTTGATGTGCTGCCTGTTGCACTGT"	"MIMAT0020302"	"cel-miR-2-5p"	"CATCAAAGCGGTGGTTGATGTG"	""	"AAAGCGGTGGTTG"	"cel-miR-2-5p[5,18]"	NA
"MI0000037"	"cel-mir-66"	"UNCHANGED"	"CCACAAAAATGCCATACATGACACTGATTAGGGATGTGATGAATGTTAAGATCCCGATCAAATTCCTAACGGTGTCAAACATGGCGTATGTGGTTGTAG"	"MIMAT0000038"	"cel-miR-66-5p"	"CATGACACTGATTAGGGATGTGA"	""	"ACACTGATTAGGG"	"cel-miR-66-5p[5,18]"	NA
"MI0000022"	"cel-mir-51"	NA	"GTCCGAAAAGTCCGTCTACCCGTAGCTCCTATCCATGTTACTGGTCAAAAAGTGAACATGGAAGCAGGTACAGGTGCACGGCGAGTAGGGTCATGAAGCT"	"MIMAT0015099"	"cel-miR-51-3p"	"CATGGAAGCAGGTACAGGTGCA"	""	"GAAGCAGGTACAG"	"cel-miR-51-3p[5,18]"	NA
"MI0026840"	"cel-mir-8207"	NA	"TTGTCCTCTTTTCTCTCATTTGCACATTTTATTGATATTCAAATATTGATGCATTGGAAGAAAAGAGAACGAGA"	"MIMAT0032832"	"cel-miR-8207-3p"	"CATTGGAAGAAAAGAGAACGAGA"	""	"GGAAGAAAAGAGA"	"cel-miR-8207-3p[5,18]"	NA
"MI0000336"	"cel-mir-259"	NA	"TCAGTCATTGAAACGAGTAAATCTCATCCTAATCTGGTAGCATCTTTCGAACCTTGCCACCGATTTGGCATGGGATTGACTTGTTAAATAGTGACTTTTTT"	"MIMAT0020342"	"cel-miR-259-3p"	"CCACCGATTTGGCATGGGATTGAC"	""	"GATTTGGCATGGG"	"cel-miR-259-3p[6,19]"	NA
"MI0026837"	"cel-mir-8196b"	"UNCHANGED"	"CCCATAGAAATATTTTCTATGTCAACCTCTTGTACGGTTGCTGTAGTTAATTTTTTCTTTGGGAA"	"MIMAT0032825"	"cel-miR-8196b-5p"	"CCCATAGAAATATTTTCTATGTC"	"cel-miR-8196a-5p"	"TAGAAATATTTTC"	"cel-miR-8196b-5p-8196a-5p[5,18]"	"cel-miR-8196b-5p-8196a-5p"
"MI0026827"	"cel-mir-8196a"	"UNCHANGED"	"CCCCATAGAAATATTTTCTATGTCAACCTCTTGCACGGTTGCCGTAGTTAATTTTTCTTTGGGAAT"	"MIMAT0032805"	"cel-miR-8196a-5p"	"CCCCATAGAAATATTTTCTATGTC"	"cel-miR-8196b-5p"	"TAGAAATATTTTC"	"cel-miR-8196b-5p-8196a-5p[6,19]"	"cel-miR-8196b-5p-8196a-5p"
"MI0019071"	"cel-mir-5550"	"UNCHANGED"	"TGACACTCCACCGTTTCTAAACCCCGCCCAAGATTTCATTTGCACTGAAATGTGTCGGCCGCAGTGCAAATGAAATCGTGGGCGGGTCTCAGAAACAGCGGAGTGTCGTTG"	"MIMAT0022191"	"cel-miR-5550-5p"	"CCCCGCCCAAGATTTCATTTGC"	""	"GCCCAAGATTTCA"	"cel-miR-5550-5p[5,18]"	NA
"MI0026822"	"cel-mir-8191"	"UNCHANGED"	"CCCCTGCCTGGGTCACCAAATGTTGGCACGGTTGCCAACAGTTTTCGTATCCAAGTAGTCCAAGGGAC"	"MIMAT0032795"	"cel-miR-8191-5p"	"CCCCTGCCTGGGTCACCA"	""	NA	NA	NA
"MI0000021"	"cel-mir-50"	NA	"CTGCCCGCCGGCCGCTGATATGTCTGGTATTCTTGGGTTTGAACTTCCAGCGTTGAACCCGCATATTAGACGTATCGACGGCCGGCGGGGCAGGTAATG"	"MIMAT0020310"	"cel-miR-50-3p"	"CCCGCATATTAGACGTATCGAC"	""	"CATATTAGACGTA"	"cel-miR-50-3p[5,18]"	NA
"MI0000347"	"cel-mir-267"	"UNCHANGED"	"TAAAAGTTTCAAAACCCCGTGAAGTGTCTGCTGCAATCTAAATTTTTAGATATAGATGCAGTCGACTCTTCATTGGGTTTTCAGGAACCCGTA"	"MIMAT0000323"	"cel-miR-267"	"CCCGTGAAGTGTCTGCTGCA"	""	"GTGAAGTGTCTGC"	"cel-miR-267[4,17]"	NA
"MI0000756"	"cel-mir-357"	"UNCHANGED"	"ACGCTGTACTACTCACCAGCGGATCCCTACAACGCTGCGCATATGCATGAACACAATGAAAATGTAAATGCCAGTCGTTGCAGGAGTTCGCATACAGTAGTAAAATGCGC"	"MIMAT0020343"	"cel-miR-357-5p"	"CCCTACAACGCTGCGCATATGC"	""	"ACAACGCTGCGCA"	"cel-miR-357-5p[5,18]"	NA
"MI0000056"	"cel-mir-85"	"UNCHANGED"	"TATAGAATTTTGGCGTCGGAGCCCGATTTTTCAATAGTTTGAAACCAGTGTACACATAAATGGTTACAAAGTATTTGAAAAGTCGTGCTCTGAAAATGAATTCTTA"	"MIMAT0020324"	"cel-miR-85-5p"	"CCGATTTTTCAATAGTTTGAAAC"	""	"TTTTTCAATAGTT"	"cel-miR-85-5p[5,18]"	NA
"MI0008200"	"cel-mir-1830"	NA	"CGAGGTTTCACGTTTTCTAGGCCACGCCGCAAATAGCCAGCTTGTGGCCTAGGAAATGAGAAAACTCGGC"	"MIMAT0020778"	"cel-miR-1830-3p"	"CCTAGGAAATGAGAAAACTCGGC"	""	"GGAAATGAGAAAA"	"cel-miR-1830-3p[5,18]"	NA
"MI0010961"	"cel-mir-2211"	"UNCHANGED"	"CCTCCATCTATTCTCCATCTGACGACGTCCCGTCCCGTCAGGTAGAATTTAGAGGAGAAA"	"MIMAT0011437"	"cel-miR-2211-5p"	"CCTCCATCTATTCTCCATCTGACG"	""	"ATCTATTCTCCAT"	"cel-miR-2211-5p[6,19]"	NA
"MI0000307"	"cel-mir-232"	"UNCHANGED"	"AAGTTCAATTTTTGGATCCCTGCAGTTTCGATGATTTTATCCTTAATTCTGAAGATGTGATAAATGCATCTTAACTGCGGTGATCTAGATCATGAACA"	"MIMAT0020777"	"cel-miR-232-5p"	"CCTGCAGTTTCGATGATTTTATC"	""	"CAGTTTCGATGAT"	"cel-miR-232-5p[5,18]"	NA
"MI0000326"	"cel-mir-250"	"UNCHANGED"	"AGGGTCTTCGGACCACGCCTTCAGTTGCCTCGTGATCCGCCAAACACAATAAATGGACGAATCACAGTCAACTGTTGGCATGGTGCTCGTACCCATTTT"	"MIMAT0020339"	"cel-miR-250-5p"	"CCTTCAGTTGCCTCGTGATCCG"	""	"CAGTTGCCTCGTG"	"cel-miR-250-5p[5,18]"	NA
"MI0026823"	"cel-mir-8192"	NA	"CGGTCGAGCGAGTCTCAGTCGGCCGTGGCGGTGCGTTGATGCCTGCTTGTGTGGCCGAAAGAGACTCATTGGGCCTGC"	"MIMAT0032798"	"cel-miR-8192-3p"	"CGAAAGAGACTCATTGGGCCTGC"	""	"AGAGACTCATTGG"	"cel-miR-8192-3p[5,18]"	NA
"MI0000041"	"cel-mir-70"	"UNCHANGED"	"TCAAAATAAAACGATGAAAACTATCGAAATACTATCGACGAATAACACTTATGAAGAAATGTAATACGTCGTTGGTGTTTCCATAGTTTGAATTGTTTAT"	"MIMAT0020317"	"cel-miR-70-5p"	"CGAAATACTATCGACGAATAACA"	""	"ATACTATCGACGA"	"cel-miR-70-5p[5,18]"	NA
"MI0005186"	"cel-mir-786"	"UNCHANGED"	"GGGATAGTTCCCGATCGAATATCAGTTGGGGTATTTACAAAAAGACAAAATTGTAATGCCCTGAATGATGTTCAATCGGTGATGAATCTC"	"MIMAT0015239"	"cel-miR-786-5p"	"CGAATATCAGTTGGGGTATTTACA"	""	"ATCAGTTGGGGTA"	"cel-miR-786-5p[6,19]"	NA
"MI0026824"	"cel-mir-8193"	NA	"CGCGGGACTAGTCAAGTGTCGGCTGCAACCAGAGCAGCCGACACTTTCCGGTTTTGCGAA"	"MIMAT0032800"	"cel-miR-8193-3p"	"CGACACTTTCCGGTTTTGCGAA"	""	"ACTTTCCGGTTTT"	"cel-miR-8193-3p[5,18]"	NA
"MI0026843"	"cel-mir-8210"	NA	"TGCCTTCTTTCCTTGTGTCGCCGACAAATCGCCACAATCCGTCGACGAAAAAAAGAAAGAAAGAAA"	"MIMAT0032838"	"cel-miR-8210-3p"	"CGACGAAAAAAAGAAAGAAAGAAA"	""	"AAAAAAAGAAAGA"	"cel-miR-8210-3p[6,19]"	NA
"MI0000316"	"cel-mir-240"	"UNCHANGED"	"TTGTTAGAAACTTTTTCAAATCGAGGATTTTGAGACTAGAATGCTTGAATTGTACTAGCATACTGGCCCCCAAATCTTCGCTTAGAAATACAGTTCA"	"MIMAT0015116"	"cel-miR-240-5p"	"CGAGGATTTTGAGACTAGAATGC"	""	"GATTTTGAGACTA"	"cel-miR-240-5p[5,18]"	NA
"MI0008203"	"cel-mir-1833"	"UNCHANGED"	"ACGCTTACTTCGCAAGCCTCGCGCGTTTTCTTTTCAAGAGAAAAAGCGTGCGAGGCTTGCGAAATAAGTGTGC"	"MIMAT0006775"	"cel-miR-1833"	"CGAGGCTTGCGAAATAAGTGTGC"	""	"GCTTGCGAAATAA"	"cel-miR-1833[5,18]"	NA
"MI0008200"	"cel-mir-1830"	"UNCHANGED"	"CGAGGTTTCACGTTTTCTAGGCCACGCCGCAAATAGCCAGCTTGTGGCCTAGGAAATGAGAAAACTCGGC"	"MIMAT0006772"	"cel-miR-1830-5p"	"CGAGGTTTCACGTTTTCTAGGCC"	""	"GTTTCACGTTTTC"	"cel-miR-1830-5p[5,18]"	NA
"MI0000020"	"cel-mir-49"	"UNCHANGED"	"TTTTGAAAAAGACCACCGTCCGCAGTTTGTTGTGATGTGCTCCAAGCAATCATGAGTCTGAAGCACCACGAGAAGCTGCAGATGGAGGTTCTGATTT"	"MIMAT0020309"	"cel-miR-49-5p"	"CGCAGTTTGTTGTGATGTGCTCC"	""	"GTTTGTTGTGATG"	"cel-miR-49-5p[5,18]"	NA
"MI0000007"	"cel-mir-36"	"UNCHANGED"	"CACCGCTGTCGGGGAACCGCGCCAATTTTCGCTTCAGTGCTAGACCATCCAAAGTGTCTATCACCGGGTGAAAATTCGCATGGGTCCCCGACGCGGA"	"MIMAT0020304"	"cel-miR-36-5p"	"CGCCAATTTTCGCTTCAGTGCTA"	""	"AATTTTCGCTTCA"	"cel-miR-36-5p[5,18]"	NA
"MI0000322"	"cel-mir-246"	"UNCHANGED"	"ATCTGAATTATAAAACATCGCCTAACCGTTGTCATGTAATATTTCCCAGAGAAAATGATATTACATGTTTCGGGTAGGAGCTGTTCAAACTTTGGAC"	"MIMAT0020337"	"cel-miR-246-5p"	"CGCCTAACCGTTGTCATGTAATA"	""	"TAACCGTTGTCAT"	"cel-miR-246-5p[5,18]"	NA
"MI0000058"	"cel-mir-87"	"UNCHANGED"	"GGTTGTGCCATCCGGCCGCCTGATACTTTCGTCTCAACCTCGCTGTCAGATTGGTCGTAGGTGAGCAAAGTTTCAGGTGTGCCGGAACACACCC"	"MIMAT0020325"	"cel-miR-87-5p"	"CGCCTGATACTTTCGTCTCAACCT"	""	"GATACTTTCGTCT"	"cel-miR-87-5p[6,19]"	NA
"MI0026824"	"cel-mir-8193"	"UNCHANGED"	"CGCGGGACTAGTCAAGTGTCGGCTGCAACCAGAGCAGCCGACACTTTCCGGTTTTGCGAA"	"MIMAT0032799"	"cel-miR-8193-5p"	"CGCGGGACTAGTCAAGTGTCGGC"	""	"GGACTAGTCAAGT"	"cel-miR-8193-5p[5,18]"	NA
"MI0000038"	"cel-mir-67"	"UNCHANGED"	"GATCAAAGATTCGTCGATCCGCTCATTCTGCCGGTTGTTATGCTATTATCAGATTAAGCATCACAACCTCCTAGAAAGAGTAGATCGATTTTAAAACTT"	"MIMAT0020316"	"cel-miR-67-5p"	"CGCTCATTCTGCCGGTTGTTATG"	""	"CATTCTGCCGGTT"	"cel-miR-67-5p[5,18]"	NA
"MI0000026"	"cel-mir-55"	"UNCHANGED"	"AGATTTGGAACTTAATGGGACTCGGCAGAAACCTATCGGTTATACTTTTTGGATATGCTATACCCGTATAAGTTTCTGCTGAGCCCCTTATTCCTGTT"	"MIMAT0020313"	"cel-miR-55-5p"	"CGGCAGAAACCTATCGGTTATA"	""	"AGAAACCTATCGG"	"cel-miR-55-5p[5,18]"	NA
"MI0019153"	"cel-mir-5592-1"	"UNCHANGED"	"CGGCCCTTACCGTTTAATACATGTTCCCGGTCGATGCACCATGTATTAAACGGTAAGGGCCGGC"	"MIMAT0022305"	"cel-miR-5592-5p-1-2"	"CGGCCCTTACCGTTTAATACATG"	""	"CCTTACCGTTTAA"	"cel-miR-5592-5p-1-2[5,18]"	NA
"MI0019154"	"cel-mir-5592-2"	"UNCHANGED"	"CGGCCCTTACCGTTTAATACATGGTGCATCGACCGGGAACATGTATTAAACGGTAAGGGCCGGC"	"MIMAT0022305"	"cel-miR-5592-5p-1-2"	"CGGCCCTTACCGTTTAATACATG"	""	"CCTTACCGTTTAA"	"cel-miR-5592-5p-1-2[5,18]"	NA
"MI0005191"	"cel-mir-790"	NA	"GCCGGCTTGGCACTCGCGAACACCGCGATTTCACTTATAACTCGCGGCGTTAGCTCTGTGTCAAACCGGC"	"MIMAT0020349"	"cel-miR-790-3p"	"CGGCGTTAGCTCTGTGTCAAACC"	""	"GTTAGCTCTGTGT"	"cel-miR-790-3p[5,18]"	NA
"MI0000059"	"cel-mir-90"	"UNCHANGED"	"GGGCGCCATTTCGAGCGGCTTTCAACGACGATATCAACCGACAACTCACACTTTTGCGTGTTGATATGTTGTTTGAATGCCCCTTGAATTGGATGCCA"	"MIMAT0020326"	"cel-miR-90-5p"	"CGGCTTTCAACGACGATATCAAC"	""	"TTTCAACGACGAT"	"cel-miR-90-5p[5,18]"	NA
"MI0026821"	"cel-mir-8190"	"UNCHANGED"	"CGGGAAATCGCTTTGGAATCCAGGAAATCCGGGAATTTCGGGATTCCTACCGATTTTCAGCG"	"MIMAT0032793"	"cel-miR-8190-5p"	"CGGGAAATCGCTTTGGAATCCAGGA"	""	"AATCGCTTTGGAA"	"cel-miR-8190-5p[6,19]"	NA
"MI0000045"	"cel-mir-74"	"UNCHANGED"	"AAATGGTTCAAAAAACGTTCGGGCTTCCATCTCTTTCCCAGCCTACATCTCAACCTGGGCTGGCAAGAAATGGCAGTCTACACGTTTTTCAACCAAA"	"MIMAT0020320"	"cel-miR-74-5p"	"CGGGCTTCCATCTCTTTCCCAGC"	""	"CTTCCATCTCTTT"	"cel-miR-74-5p[5,18]"	NA
"MI0000319"	"cel-mir-243"	NA	"TGTTCACGCATAAGCCTGATATCTCGGTGCGATCGTACCGTATCGCTCACACTTAGATTACGGTACGATCGCGGCGGGATATCAGGTACGTGATTGGA"	"MIMAT0000299"	"cel-miR-243-3p"	"CGGTACGATCGCGGCGGGATATC"	""	"ACGATCGCGGCGG"	"cel-miR-243-3p[5,18]"	NA
"MI0000309"	"cel-mir-234"	"UNCHANGED"	"CAAAAAATGATCAAACGGTATTCCAGAGTTGATAATAAAAATGCGTCAGTCCGCAATCTATTATTGCTCGAGAATACCCTTTGACTACTATGTGTA"	"MIMAT0020330"	"cel-miR-234-5p"	"CGGTATTCCAGAGTTGATAATA"	""	"ATTCCAGAGTTGA"	"cel-miR-234-5p[5,18]"	NA
"MI0026823"	"cel-mir-8192"	"UNCHANGED"	"CGGTCGAGCGAGTCTCAGTCGGCCGTGGCGGTGCGTTGATGCCTGCTTGTGTGGCCGAAAGAGACTCATTGGGCCTGC"	"MIMAT0032797"	"cel-miR-8192-5p"	"CGGTCGAGCGAGTCTCAGTCGGC"	""	"CGAGCGAGTCTCA"	"cel-miR-8192-5p[5,18]"	NA
"MI0000052"	"cel-mir-81"	"UNCHANGED"	"ATCAGTGCCATCGTGCCCAACAGTCGGTTTTCACCGTGATCTGAGAGCAATCCAAAAATGCTTTTCTGAGATCATCGTGAAAGCTAGTTGTTGGTCTACGGGCTTTTG"	"MIMAT0015109"	"cel-miR-81-5p"	"CGGTTTTCACCGTGATCTGAGA"	""	"TTTCACCGTGATC"	"cel-miR-81-5p[5,18]"	NA
"MI0000053"	"cel-mir-82"	"UNCHANGED"	"GAAATAGGTTCTTTTAGCAACCGGTTTTCTCTGTGATCTACAGAATGACAGCTAATCGTCTGAGATCATCGTGAAAGCCAGTTGTTTTTATGAACTC"	"MIMAT0020323"	"cel-miR-82-5p"	"CGGTTTTCTCTGTGATCTACAGA"	""	"TTTCTCTGTGATC"	"cel-miR-82-5p[5,18]"	NA
"MI0000311"	"cel-mir-236"	"UNCHANGED"	"TCGGTGACCGATGTCCAGCGTCTTACCTGTTCAATATTTAGACTGACTATCAAAGAGATCTAATACTGTCAGGTAATGACGCTGGATTGTCATGTCAT"	"MIMAT0020332"	"cel-miR-236-5p"	"CGTCTTACCTGTTCAATATTTAGA"	""	"TACCTGTTCAATA"	"cel-miR-236-5p[6,19]"	NA
"MI0010966"	"cel-mir-2216"	NA	"GCACATTTTAAGTCGGTAGGCGTCCAATTTTGATGCCTATCTACTTAAAATGTGCCT"	"MIMAT0011448"	"cel-miR-2216-3p"	"CTATCTACTTAAAATGTGCCT"	""	"TCTACTTAAAATG"	"cel-miR-2216-3p[4,17]"	NA
"MI0000001"	"cel-let-7"	NA	"TACACTGTGGATCCGGTGAGGTAGTAGGTTGTATAGTTTGGAATATTACCACCGGTGAACTATGCAATTTTCTACCTTACCGGAGACAGAACTCTTCGA"	"MIMAT0015091"	"cel-let-7-3p"	"CTATGCAATTTTCTACCTTACC"	""	"GCAATTTTCTACC"	"cel-let-7-3p[5,18]"	NA
"MI0010972"	"cel-mir-2219"	NA	"ACAGCTTTCTCTCGCACATCGTCAGCTAGATTTGAACTCTGTATGAAAGCTGACGAAGTGCGAGGGAAAGCTGAAG"	"MIMAT0011460"	"cel-miR-2219-3p"	"CTGACGAAGTGCGAGGGAAAGC"	""	"CGAAGTGCGAGGG"	"cel-miR-2219-3p[5,18]"	NA
"MI0000306"	"cel-mir-231"	"UNCHANGED"	"TAGCACCACAGGTTGTTCTGACTGTTTCAAAAGCTTGTAGTATCTTAATAAATAAACATATAAGCTCGTGATCAACAGGCAGAACAACTCGGTTTTGTG"	"MIMAT0020328"	"cel-miR-231-5p"	"CTGACTGTTTCAAAAGCTTGTA"	""	"CTGTTTCAAAAGC"	"cel-miR-231-5p[5,18]"	NA
"MI0000036"	"cel-mir-65"	NA	"ATGGAGCCTTCGCCGATTATGACACTGAAGCGTAACCGAACACCATATTTTGAGATTCTGCTACGCGCAGTGCCATGCTCGGCGCGTTGGCTCCATTAAA"	"MIMAT0015106"	"cel-miR-65-3p"	"CTGCTACGCGCAGTGCCATGC"	""	"CTACGCGCAGTGC"	"cel-miR-65-3p[4,17]"	NA
"MI0000016"	"cel-mir-45"	"UNCHANGED"	"CACCATGTGCCACGCTGGATGTGCTCGTTAGTCATAATATCCTCCACAAAGCAAGGACTATGACTAGAGACACATTCAGCTTGGCGCCGAATGCAT"	"MIMAT0020772"	"cel-miR-45-5p"	"CTGGATGTGCTCGTTAGTCATA"	""	"ATGTGCTCGTTAG"	"cel-miR-45-5p[5,18]"	NA
"MI0000015"	"cel-mir-44"	"UNCHANGED"	"GAGAAAATGGCCAATCTGGATGTGCTCGTTGGTCATAGACGTCAACACGAACTGTTCATATGACTAGAGACACATTCAGCTTGGCCTGCTTCTCTA"	"MIMAT0020771"	"cel-miR-44-5p"	"CTGGATGTGCTCGTTGGTCATA"	""	"ATGTGCTCGTTGG"	"cel-miR-44-5p[5,18]"	NA
"MI0000057"	"cel-mir-86"	NA	"CGTGTCCACGCCGTCTAAGTGAATGCTTTGCCACAGTCTTCGATGTTCTGAAATGAAGCCTGGGCTCAGATTCGCTTAGGCCGGAGTTTGACACGGCA"	"MIMAT0020776"	"cel-miR-86-3p"	"CTGGGCTCAGATTCGCTTAGGC"	""	"GCTCAGATTCGCT"	"cel-miR-86-3p[5,18]"	NA
"MI0017723"	"cel-mir-4937"	"UNCHANGED"	"GATTTTGGGCGCAGTGGCGCAACTGGGTAGAGGTTGGGCGGTGGATCGCAGGTCCGAGGTTCGAACCCCCGGGGTGGTAAATATTTTTGTTTTGATGATATTGACTTTAT"	"MIMAT0020143"	"cel-miR-4937"	"CTGGGTAGAGGTTGGGCGGTGGA"	""	"GTAGAGGTTGGGC"	"cel-miR-4937[5,18]"	NA
"MI0005880"	"cel-mir-1019"	NA	"GTGAGCATTGTTCGAGTTTCATTTTTAATAAAATTTATTTAAAAACTGTAATTCCACATTGCTTTCCAG"	"MIMAT0005032"	"cel-miR-1019-3p"	"CTGTAATTCCACATTGCTTTCCAG"	""	"ATTCCACATTGCT"	"cel-miR-1019-3p[6,19]"	NA
"MI0000312"	"cel-mir-237"	NA	"TTCTACATTGCGTGGTCCCTGAGAATTCTCGAACAGCTTCAAAGTGTTCAAGCTGTCGAGTTTTGTCAAGGACCAAACAATAGAAGATCACTTGGGAAC"	"MIMAT0020333"	"cel-miR-237-3p"	"CTGTCGAGTTTTGTCAAGGACC"	""	"CGAGTTTTGTCAA"	"cel-miR-237-3p[5,18]"	NA
"MI0000328"	"cel-mir-252"	NA	"TCCAGGGGTCTCTTTCAGTTATAAGTAGTAGTGCCGCAGGTAACCGCCAGTCTAAAAGGCTTACCTACTGCCTTCTGCTTAAAATTGAAATATTGATG"	"MIMAT0020340"	"cel-miR-252-3p"	"CTTACCTACTGCCTTCTGC"	""	"TACCTACTGCCTT"	"cel-miR-252-3p[3,16]"	NA
"MI0005191"	"cel-mir-790"	"UNCHANGED"	"GCCGGCTTGGCACTCGCGAACACCGCGATTTCACTTATAACTCGCGGCGTTAGCTCTGTGTCAAACCGGC"	"MIMAT0004225"	"cel-miR-790-5p"	"CTTGGCACTCGCGAACACCGCG"	""	"GCACTCGCGAACA"	"cel-miR-790-5p[5,18]"	NA
"MI0019070"	"cel-mir-5549"	"UNCHANGED"	"ACGAGAGGGGGAGAGATTTTTTTGGGCCTTGTGAAATTAACGTGAGTTTTCTGGTCATCTGACTAATCATGTTGGTTTTTTGTTGGTTTATTTTGTTTTTATCTTTGTTT"	"MIMAT0022189"	"cel-miR-5549-5p"	"CTTGTGAAATTAACGTGAGT"	""	"GTGAAATTAACGT"	"cel-miR-5549-5p[4,17]"	NA
"MI0000050"	"cel-mir-79"	"UNCHANGED"	"TAGTAGACATTCTCCGATCTTTGGTGATTCAGCTTCAATGATTGGCTACAGGTTTCTTTCATAAAGCTAGGTTACCAAAGCTCGGCGTCTTGATCTAC"	"MIMAT0020322"	"cel-miR-79-5p"	"CTTTGGTGATTCAGCTTCAATGA"	""	"GGTGATTCAGCTT"	"cel-miR-79-5p[5,18]"	NA
"MI0000329"	"cel-mir-253"	"UNCHANGED"	"GAATTGTTCCGATCGCCGCTCTTTTCACACACCTCACTAACACTGACCACCGATGCATAGATGTTAGTAGGCGTTGTGGGAAGGGCGGCGACAGTGAACGTCGTTTC"	"MIMAT0000309"	"cel-miR-253-5p"	"CTTTTCACACACCTCACTAACA"	""	"TCACACACCTCAC"	"cel-miR-253-5p[5,18]"	NA
"MI0019067"	"cel-mir-5546"	NA	"AGCTAAATAATTGCATTTTCGCAACCCTTTCGCCAATTTTTTTCGTGAAAAAACGTGTAATTTTACGAAAAATTGCGCGCATGGGTTGCGAAAACGCATTAACCGCACGG"	"MIMAT0022184"	"cel-miR-5546-3p"	"GAAAAATTGCGCGCATGGGTTG"	""	"AATTGCGCGCATG"	"cel-miR-5546-3p[5,18]"	NA
"MI0000014"	"cel-mir-43"	"UNCHANGED"	"TATTGGCACTAGTCGCCCGTGACATCAAGAAACTAGTGATTATGCCAAACCACAGGGACATATCACAGTTTACTTGCTGTCGCGGGCGGTGCTGAGTT"	"MIMAT0020308"	"cel-miR-43-5p"	"GACATCAAGAAACTAGTGATTATG"	""	"CAAGAAACTAGTG"	"cel-miR-43-5p[6,19]"	NA
"MI0008204"	"cel-mir-58b"	"UNCHANGED"	"TGACTCGGTGTGTGATCTCTTACCGTTTTATGGATAAGAGATCAACCATTGAGATCCAA"	"MIMAT0020361"	"cel-miR-58b-5p"	"GACTCGGTGTGTGATCTCTTA"	""	"TCGGTGTGTGATC"	"cel-miR-58b-5p[4,17]"	NA
"MI0007984"	"cel-mir-1822"	NA	"ATTCTTGAAAACTCCAATAGTTTCTCTGGGAAAGCTATCGGCCAAATTTAACTGTCCGAGCTGCCCTCAGAAAAACTCTTGGCTCATCGAGAAA"	"MIMAT0006589"	"cel-miR-1822-3p"	"GAGCTGCCCTCAGAAAAACTCT"	""	"TGCCCTCAGAAAA"	"cel-miR-1822-3p[5,18]"	NA
"MI0010958"	"cel-mir-2209a"	"UNCHANGED"	"GAGTGTAACCACTCTTCTCCTTCCGAGTATTGATTATCGAGAAGAGATCAGCGGTTACACTACA"	"MIMAT0011431"	"cel-miR-2209a-5p"	"GAGTGTAACCACTCTTCTCCTTC"	""	"GTAACCACTCTTC"	"cel-miR-2209a-5p[5,18]"	NA
"MI0010959"	"cel-mir-2209c"	"UNCHANGED"	"GAGTGTAACCGCACGTCTTGTTTCAAAACTCAATATATGGAAAAAGACCACCGGTTACACTACA"	"MIMAT0011433"	"cel-miR-2209c-5p"	"GAGTGTAACCGCACGTCTTGTTT"	""	"GTAACCGCACGTC"	"cel-miR-2209c-5p[5,18]"	NA
"MI0013633"	"cel-mir-2953"	NA	"TACAGAAGTGTTCGTGAAAATAAATATGTGTTTTTTTTATGATCACTAGCTCTTCTGTAGC"	"MIMAT0014447"	"cel-miR-2953-3p"	"GATCACTAGCTCTTCTGTAGC"	""	"CACTAGCTCTTCT"	"cel-miR-2953-3p[4,17]"	NA
"MI0019155"	"cel-mir-5593-1"	"UNCHANGED"	"GATGGCTGGAATATCGGTATTCTCGGCTGAAACATGCACTAAATACCGCATTCCAACCAACAA"	"MIMAT0022307"	"cel-miR-5593-5p-1-2"	"GATGGCTGGAATATCGGTATTC"	""	"GCTGGAATATCGG"	"cel-miR-5593-5p-1-2[5,18]"	NA
"MI0019156"	"cel-mir-5593-2"	"UNCHANGED"	"GATGGCTGGAATATCGGTATTCTCGGCTGAAACATGCACTAAATACCGCATTCCAACCAACAA"	"MIMAT0022307"	"cel-miR-5593-5p-1-2"	"GATGGCTGGAATATCGGTATTC"	""	"GCTGGAATATCGG"	"cel-miR-5593-5p-1-2[5,18]"	NA
"MI0000048"	"cel-mir-77"	"UNCHANGED"	"GCATCTGCCAAACCGCCCGTTTGGATGGTTGTGCTCTGAGGAAATACGCACAGAATGTCATTTCATCAGGCCATAGCTGTCCAAATTGGTATAGAGTTTG"	"MIMAT0020774"	"cel-miR-77-5p"	"GATGGTTGTGCTCTGAGGAAAT"	""	"GTTGTGCTCTGAG"	"cel-miR-77-5p[5,18]"	NA
"MI0010966"	"cel-mir-2216"	"UNCHANGED"	"GCACATTTTAAGTCGGTAGGCGTCCAATTTTGATGCCTATCTACTTAAAATGTGCCT"	"MIMAT0011447"	"cel-miR-2216-5p"	"GCACATTTTAAGTCGGTAGGC"	""	"CATTTTAAGTCGG"	"cel-miR-2216-5p[4,17]"	NA
"MI0000315"	"cel-mir-239b"	NA	"GCGACAGATGCAATTTTTGTACTACACAAAAGTACTGGTCATTTAAGTTGAGGCTCAGCACTTTTGTGGTGTGCAAAAATGGCAAGTTGCTTTTATCT"	"MIMAT0015115"	"cel-miR-239b-3p"	"GCACTTTTGTGGTGTGCAAAAA"	""	"TTTTGTGGTGTGC"	"cel-miR-239b-3p[5,18]"	NA
"MI0000302"	"cel-mir-124"	"UNCHANGED"	"GTCCCACTTGTCATCTGGCATGCACCCTAGTGACTTTAGTGGACATCTAAGTCTTCCAACTAAGGCACGCGGTGAATGCCACGTGGCCATGATGGG"	"MIMAT0015111"	"cel-miR-124-5p"	"GCATGCACCCTAGTGACTTTAGT"	""	"GCACCCTAGTGAC"	"cel-miR-124-5p[5,18]"	NA
"MI0005201"	"cel-mir-800"	NA	"ACGGCGGCTGACAATTTCCGAGTTAGGCCACTCTTATAATCAGTGGCCAAACTCGGAAATTGTCTGCCGCCGT"	"MIMAT0004235"	"cel-miR-800-3p"	"GCCAAACTCGGAAATTGTCTGC"	""	"AACTCGGAAATTG"	"cel-miR-800-3p[5,18]"	NA
"MI0017721"	"cel-mir-4935"	"UNCHANGED"	"AGTTACGGCGGGTTTTGCAAGCGCCGGCGAGAGAGGTGGAGAGCGCAGAGAAAGCAGTCGCGCTAGCTGTCGGCGCCCTCCACTCTCTCGCCGCGGCTGACAAATACGCT"	"MIMAT0020141"	"cel-miR-4935"	"GCCGGCGAGAGAGGTGGAGAGCG"	""	"GCGAGAGAGGTGG"	"cel-miR-4935[5,18]"	NA
"MI0019066"	"cel-mir-5545"	"UNCHANGED"	"GGTGAGGGGTGTGTCCCATGCCGGTTTGATCTACAAAAAATGCGGGAGCATAGAAAAATCCCGCACTTTTGTAGATCAAACCGACATGGGACAACCTGACACTGTGTTCA"	"MIMAT0022181"	"cel-miR-5545-5p"	"GCCGGTTTGATCTACAAAAAATGC"	""	"TTTGATCTACAAA"	"cel-miR-5545-5p[6,19]"	NA
"MI0019068"	"cel-mir-5547"	NA	"CTGCGGAATTTTGTTGATTGAGACAACTTTTAGACCAATAGGCATCCAAAAATGATCAAAATTGGATGCCTATCGGCCTAAAAGTTGTCTCAATCAACGAATGAGATAAA"	"MIMAT0022186"	"cel-miR-5547-3p"	"GCCTATCGGCCTAAAAGTTGTC"	""	"ATCGGCCTAAAAG"	"cel-miR-5547-3p[5,18]"	NA
"MI0019069"	"cel-mir-5548"	"UNCHANGED"	"GTTCCATCCTTGACCGCCGAACTGGTGTTTCATAAAGCCTTCTCACTCTCCACGGCGGTAGGCAAGCCCTGTGGATTGGAGAAGGAGAAGCCCCACAGGATGTCCCGAAA"	"MIMAT0022187"	"cel-miR-5548-5p"	"GCCTTCTCACTCTCCACGGCGGTAGG"	""	"TCACTCTCCACGG"	"cel-miR-5548-5p[7,20]"	NA
"MI0000303"	"cel-mir-228"	NA	"CCTTATCCCGTTCGCAATGGCACTGCATGAATTCACGGCTATGCATAACGACAGACCGCGGATCATACGGTACCATAGCGGACGGTGATGAGGTTAAT"	"MIMAT0020327"	"cel-miR-228-3p"	"GCGGATCATACGGTACCATAGC"	""	"ATCATACGGTACC"	"cel-miR-228-3p[5,18]"	NA
"MI0000321"	"cel-mir-245"	"UNCHANGED"	"CTGAATTCAATGTTGGAGAGCTATTTGCAAGGTACCTAATTGTTTGATTATTGATTCTCAATTGGTCCCCTCCAAGTAGCTCTATTGCATTGTTTGC"	"MIMAT0020336"	"cel-miR-245-5p"	"GCTATTTGCAAGGTACCTAATTG"	""	"TTTGCAAGGTACC"	"cel-miR-245-5p[5,18]"	NA
"MI0005188"	"cel-mir-788"	NA	"GCTCACTTTTCCGCTTCTAACTTCCATTTGCAGAGTTCAAGTAATCTGGAAATGGATTAGAATCGTGGAAAAGTTAGT"	"MIMAT0015240"	"cel-miR-788-3p"	"GGAAATGGATTAGAATCGTGGAAA"	""	"TGGATTAGAATCG"	"cel-miR-788-3p[6,19]"	NA
"MI0000348"	"cel-mir-268"	"UNCHANGED"	"GGAAGTGGCTTTGAAGCGGCAAGAATTAGAAGCAGTTTGGTGTCAGACACACTACTCACTCACTGCTTCTTGTTTTTTCTGCTTTCTTTGCTTTT"	"MIMAT0000324"	"cel-miR-268"	"GGCAAGAATTAGAAGCAGTTTGGT"	""	"GAATTAGAAGCAG"	"cel-miR-268[6,19]"	NA
"MI0000349"	"cel-mir-269"	"UNCHANGED"	"GGGCAAAAGTTGGGCAAGACTCTGGCAAAACTTGGATTTATGCTGCGCCAAAGTTTAACCCAAGTTTGACCCAACTCTTGTCAAATTTTTGTCC"	"MIMAT0000325"	"cel-miR-269"	"GGCAAGACTCTGGCAAAACT"	""	"AAGACTCTGGCAA"	"cel-miR-269[4,17]"	NA
"MI0000350"	"cel-mir-270"	"UNCHANGED"	"GTCGCTAGCCTCTTTACCTGCCTACACACCTTTCTGCCTACGTGGCACATTGGTAGGCAAGAGGGCATGATGTAGCAGTGGAGATGGACTGCCAC"	"MIMAT0000326"	"cel-miR-270"	"GGCATGATGTAGCAGTGGAG"	""	"ATGATGTAGCAGT"	"cel-miR-270[4,17]"	NA
"MI0000344"	"cel-mir-264"	"UNCHANGED"	"TGGCGGCGGTCGACATGTACATATCACCAGTCTGGCTTTTCCCGTTTCCGCGAGCAAGCGGCGGGTGGTTGTTGTTATGGGATACCGGAGCCA"	"MIMAT0000320"	"cel-miR-264"	"GGCGGGTGGTTGTTGTTATG"	""	"GGGTGGTTGTTGT"	"cel-miR-264[4,17]"	NA
"MI0017716"	"cel-mir-4930"	"UNCHANGED"	"GTCTGCCTAGGGGGCTGGCTAGGGCTGCCTAGGGGGCTGGCTAGGGCTGCCTAGGGGCTGGCTGCCTAGGGGCTGGCTAGGGCTGCCTAGGGGCTGGCTAGGGTAGGCTT"	"MIMAT0020136"	"cel-miR-4930"	"GGCTGCCTAGGGGGCTGGCTAG"	""	"GCCTAGGGGGCTG"	"cel-miR-4930[5,18]"	NA
"MI0017718"	"cel-mir-4932"	"UNCHANGED"	"GTGCAAAAAGGGATCTGGGAAGGGGGATCAACGAAAAGGGGATCTGGCACAGTGCCAGATCTCCTTTTCGTGGGGCCTCATAAATTTTTGATCTTTTTTAAATTGTTGAC"	"MIMAT0020138"	"cel-miR-4932"	"GGGGATCAACGAAAAGGGGATC"	""	"ATCAACGAAAAGG"	"cel-miR-4932[5,18]"	NA
"MI0000753"	"cel-mir-354"	"UNCHANGED"	"CAGAGCCGACTAAGCACCTTGGTGCGGCTGCAGACGGGTATCCGGCTCGACGTTCATACATCACGACTTCTTTCCTTTTACCTTGTTTGTTGCTGCTCCTATTGGTTTTG"	"MIMAT0031894"	"cel-miR-354-5p"	"GGTGCGGCTGCAGACGGGTAT"	""	"GCGGCTGCAGACG"	"cel-miR-354-5p[4,17]"	NA
"MI0000012"	"cel-mir-41"	"UNCHANGED"	"GGGTCCCAGAGACCTTGGTGGTTTTTCTCTGCAGTGATAGATACTTCTAACAACTCGCTATCACCGGGTGAAAAATCACCTAGGTCTGGAGCCTCCT"	"MIMAT0020770"	"cel-miR-41-5p"	"GGTGGTTTTTCTCTGCAGTGATA"	""	"GTTTTTCTCTGCA"	"cel-miR-41-5p[5,18]"	NA
"MI0000331"	"cel-mir-255"	"UNCHANGED"	"CAGTGGTTCGACTAAATTTTGGAGGTAAGAAATCTTTGTAGTTCTCCGTATTGTGACGTGAAAACTGAAGAGATTTTTTACAGACTTCACAAATTTGAAATATATTCCTG"	"MIMAT0020341"	"cel-miR-255-5p"	"GTAAGAAATCTTTGTAGTTCTC"	""	"GAAATCTTTGTAG"	"cel-miR-255-5p[5,18]"	NA
"MI0010973"	"cel-mir-2220"	"UNCHANGED"	"GTAAGACCATAAACTATTTATCAATTCATCATTTGATCAATTGTTTGTGGACTTACAG"	"MIMAT0011461"	"cel-miR-2220-5p"	"GTAAGACCATAAACTATTTATC"	""	"GACCATAAACTAT"	"cel-miR-2220-5p[5,18]"	NA
"MI0017538"	"cel-mir-4808"	"UNCHANGED"	"GTAAGATAGATTAGTGCTTTCAATTATTTCAAACGAAAGCTCTATTCTCTCTTACAG"	"MIMAT0019991"	"cel-miR-4808-5p"	"GTAAGATAGATTAGTGCTTTC"	""	"AGATAGATTAGTG"	"cel-miR-4808-5p[4,17]"	NA
"MI0017705"	"cel-mir-4920"	"UNCHANGED"	"GTAAGGAAAACTTTTGAATTTCTTTTGAGAGAAAATTCATTTGTGATTCTTTTCAG"	"MIMAT0020126"	"cel-miR-4920"	"GTAAGGAAAACTTTTGAATTT"	""	"AGGAAAACTTTTG"	"cel-miR-4920[4,17]"	NA
"MI0017710"	"cel-mir-4924"	"UNCHANGED"	"GTAAGTATCATCAATATTAATAATTGATAATTATTAGTATTGGATAAACTTAAG"	"MIMAT0020130"	"cel-miR-4924"	"GTAAGTATCATCAATATTAATA"	""	"GTATCATCAATAT"	"cel-miR-4924[5,18]"	NA
"MI0017546"	"cel-mir-4816"	"UNCHANGED"	"GTAAGTGGTTTTTGTAGATCAAAATAGTTAAGAAATTTTTTGATCTACAATTTTCGCACTTACAG"	"MIMAT0020005"	"cel-miR-4816-5p"	"GTAAGTGGTTTTTGTAGATCAA"	""	"GTGGTTTTTGTAG"	"cel-miR-4816-5p[5,18]"	NA
"MI0005881"	"cel-mir-1020"	"UNCHANGED"	"GTAAGTGTTACAGAATAATCTTAGACAAAACAACTAAAATTAATGAAAAATTATTCTGTGACACTTTCAG"	"MIMAT0020356"	"cel-miR-1020-5p"	"GTAAGTGTTACAGAATAATCTT"	""	"GTGTTACAGAATA"	"cel-miR-1020-5p[5,18]"	NA
"MI0017539"	"cel-mir-4809"	"UNCHANGED"	"GTAAGTTCAGAGTTGAATTATCTTGATCATATTTGATAATACAACTTCTGGGCTTCCAG"	"MIMAT0019993"	"cel-miR-4809-5p"	"GTAAGTTCAGAGTTGAATTATC"	""	"GTTCAGAGTTGAA"	"cel-miR-4809-5p[5,18]"	NA
"MI0026825"	"cel-mir-8194"	NA	"ATGCGCCTTTAAAAAGGTACGGTAGGTGATTACCGTACACTCTTAAAGGCGCATGC"	"MIMAT0032802"	"cel-miR-8194-3p"	"GTACACTCTTAAAGGCGCATGC"	""	"ACTCTTAAAGGCG"	"cel-miR-8194-3p[5,18]"	NA
"MI0026830"	"cel-mir-8199"	NA	"TCGGACAATATCACTGGATCTTCAAATATGTGGATTTCAACGTGGCGGAAATGTATTAGAAAAAGGTGTAGAAGGATGTTGGAAAATA"	"MIMAT0032812"	"cel-miR-8199-3p"	"GTAGAAGGATGTTGGAAAATA"	""	"GAAGGATGTTGGA"	"cel-miR-8199-3p[4,17]"	NA
"MI0026826"	"cel-mir-8195"	NA	"GTCGAGCTGTCCGTACTCGTCGACTATAACCGACGCCAAGTAGAGGTACGAGCTGTGACGG"	"MIMAT0032804"	"cel-miR-8195-3p"	"GTAGAGGTACGAGCTGTGACGG"	""	"AGGTACGAGCTGT"	"cel-miR-8195-3p[5,18]"	NA
"MI0017713"	"cel-mir-4926"	"UNCHANGED"	"GTAGGAGTGAATTTTGATTTTTTATATGTAAATTTAAAATTTATTCTTACAG"	"MIMAT0020133"	"cel-miR-4926"	"GTAGGAGTGAATTTTGATTTT"	""	"GGAGTGAATTTTG"	"cel-miR-4926[4,17]"	NA
"MI0026835"	"cel-mir-4810b"	"UNCHANGED"	"GTAGGTTCATGAGTAGTCATATAGGTATATTGTACGTATGACTATCTCATCAACTTACAG"	"MIMAT0032821"	"cel-miR-4810b-5p"	"GTAGGTTCATGAGTAGTCATAT"	""	"GTTCATGAGTAGT"	"cel-miR-4810b-5p[5,18]"	NA
"MI0026827"	"cel-mir-8196a"	NA	"CCCCATAGAAATATTTTCTATGTCAACCTCTTGCACGGTTGCCGTAGTTAATTTTTCTTTGGGAAT"	"MIMAT0032806"	"cel-miR-8196a-3p"	"GTAGTTAATTTTTCTTTGGGAAT"	""	"TTAATTTTTCTTT"	"cel-miR-8196a-3p[5,18]"	NA
"MI0026822"	"cel-mir-8191"	NA	"CCCCTGCCTGGGTCACCAAATGTTGGCACGGTTGCCAACAGTTTTCGTATCCAAGTAGTCCAAGGGAC"	"MIMAT0032796"	"cel-miR-8191-3p"	"GTATCCAAGTAGTCCAAGGGAC"	""	"CCAAGTAGTCCAA"	"cel-miR-8191-3p[5,18]"	NA
"MI0000305"	"cel-mir-230"	NA	"TTGATGTAATGCCGTCACTTGGTCGGCGATTTAATATTATCAGAACATAGGAAATTGTTAGTATTAGTTGTGCGACCAGGAGACGGTATTCGCATATT"	"MIMAT0000285"	"cel-miR-230-3p"	"GTATTAGTTGTGCGACCAGGAGA"	""	"TAGTTGTGCGACC"	"cel-miR-230-3p[5,18]"	NA
"MI0026826"	"cel-mir-8195"	"UNCHANGED"	"GTCGAGCTGTCCGTACTCGTCGACTATAACCGACGCCAAGTAGAGGTACGAGCTGTGACGG"	"MIMAT0032803"	"cel-miR-8195-5p"	"GTCGAGCTGTCCGTACTCGTCG"	""	"AGCTGTCCGTACT"	"cel-miR-8195-5p[5,18]"	NA
"MI0000058"	"cel-mir-87"	NA	"GGTTGTGCCATCCGGCCGCCTGATACTTTCGTCTCAACCTCGCTGTCAGATTGGTCGTAGGTGAGCAAAGTTTCAGGTGTGCCGGAACACACCC"	"MIMAT0000060"	"cel-miR-87-3p"	"GTGAGCAAAGTTTCAGGTGTGC"	""	"GCAAAGTTTCAGG"	"cel-miR-87-3p[5,18]"	NA
"MI0005880"	"cel-mir-1019"	"UNCHANGED"	"GTGAGCATTGTTCGAGTTTCATTTTTAATAAAATTTATTTAAAAACTGTAATTCCACATTGCTTTCCAG"	"MIMAT0005822"	"cel-miR-1019-5p"	"GTGAGCATTGTTCGAGTTTCATTTT"	""	"CATTGTTCGAGTT"	"cel-miR-1019-5p[6,19]"	NA
"MI0000035"	"cel-mir-64"	NA	"CTCCCCGCTGACCTCGCCGAATATGACACTGAAGCGTTACCGAACCGTTTTCCCACACCTGGATTCGGTGCAACGATCAGTGGCATGCTCGGCTAGCGCCAGTTAAGTAT"	"MIMAT0015105"	"cel-miR-64-3p"	"GTGCAACGATCAGTGGCATGC"	""	"CAACGATCAGTGG"	"cel-miR-64-3p[4,17]"	NA
"MI0000013"	"cel-mir-42"	"UNCHANGED"	"TTCGCGGACCTTTGTGGGTGTTTGCTTTTTCGGTGAAGTTGTCTTCCGTAGCTTCTTCTTCACCGGGTTAACATCTACAGAGGTCCAAAAAGGGG"	"MIMAT0015095"	"cel-miR-42-5p"	"GTGGGTGTTTGCTTTTTCGGTGAAG"	""	"TGTTTGCTTTTTC"	"cel-miR-42-5p[6,19]"	NA
"MI0017714"	"cel-mir-4927"	"UNCHANGED"	"GTGGGTTTTTTCAAAATTTTTTTAATTAAATAAAAAAATTTGGAAAAAAGTTCCAG"	"MIMAT0020134"	"cel-miR-4927"	"GTGGGTTTTTTCAAAATTTTTT"	""	"GTTTTTTCAAAAT"	"cel-miR-4927[5,18]"	NA
"MI0026828"	"cel-mir-8197"	NA	"AGTGCTTTGCTCCACCCAACTCGTAACCAATTAGAAAGATGGGAAGGAGTTGGCAAAGCAAGGTTCTGA"	"MIMAT0032808"	"cel-miR-8197-3p"	"GTTGGCAAAGCAAGGTTCTGA"	""	"GGCAAAGCAAGGT"	"cel-miR-8197-3p[4,17]"	NA
"MI0007986"	"cel-mir-1824"	NA	"GTTCACCAGAGTTGGCAGTGTTTCTCCCCCAACTTTTGTTACAGAATTGCAAAAATGTTGGCCGTGGTGAACACTTCCGCCTCTGGTTTGAAG"	"MIMAT0020360"	"cel-miR-1824-3p"	"GTTGGCCGTGGTGAACACTTCCGCC"	""	"CCGTGGTGAACAC"	"cel-miR-1824-3p[6,19]"	NA
"MI0010960"	"cel-mir-2210"	NA	"AGGCAGATCAATCAATTTTTAGGTTTATATAAATAATCCTAAAGTCGATTGCTCTACCCAC"	"MIMAT0011436"	"cel-miR-2210-3p"	"TAAAGTCGATTGCTCTACCCAC"	""	"GTCGATTGCTCTA"	"cel-miR-2210-3p[5,18]"	NA
"MI0026834"	"cel-mir-8203"	NA	"TGAACATCATTCAGGGCATTACAATTTTGTCTTTTTGTAAATACCCCAACTGATATTCGAT"	"MIMAT0032820"	"cel-miR-8203-3p"	"TAAATACCCCAACTGATATTCGAT"	""	"ACCCCAACTGATA"	"cel-miR-8203-3p[6,19]"	NA
"MI0000307"	"cel-mir-232"	NA	"AAGTTCAATTTTTGGATCCCTGCAGTTTCGATGATTTTATCCTTAATTCTGAAGATGTGATAAATGCATCTTAACTGCGGTGATCTAGATCATGAACA"	"MIMAT0000287"	"cel-miR-232-3p"	"TAAATGCATCTTAACTGCGGTGA"	""	"TGCATCTTAACTG"	"cel-miR-232-3p[5,18]"	NA
"MI0039737"	"cel-mir-55b"	"NEW"	"AGGAATAAGGGGCTCAGCAGAAACTTATACGGGTATAGCATATCCAAAAAGTATAACCGATAGGTTTCTGCCGAGTCCCATTAAGTTCCA"	"MIMAT0049029"	"cel-miR-55b"	"TAACCGATAGGTTTCTGCCGAG"	""	"CGATAGGTTTCTG"	"cel-miR-55b[5,18]"	NA
"MI0005199"	"cel-mir-798"	"UNCHANGED"	"TACTGTTTCATGTAGGTGTTAAAGTTTGTACAAGAAGTTAGTTTTCTGTTAAGCCTTACATATTGACTGAGCAGTA"	"MIMAT0004233"	"cel-miR-798"	"TAAGCCTTACATATTGACTGA"	""	"GCCTTACATATTG"	"cel-miR-798[4,17]"	NA
"MI0000306"	"cel-mir-231"	NA	"TAGCACCACAGGTTGTTCTGACTGTTTCAAAAGCTTGTAGTATCTTAATAAATAAACATATAAGCTCGTGATCAACAGGCAGAACAACTCGGTTTTGTG"	"MIMAT0000286"	"cel-miR-231-3p"	"TAAGCTCGTGATCAACAGGCAGAA"	""	"TCGTGATCAACAG"	"cel-miR-231-3p[6,19]"	NA
"MI0005187"	"cel-mir-787"	NA	"GATGTATCAGTGGACGAAAGATACATACGATCTTACATCTTCAAAATGGTATGTAAGCTCGTTTTAGTATCTTTCGTCTCTGATCACATT"	"MIMAT0004222"	"cel-miR-787-3p"	"TAAGCTCGTTTTAGTATCTTTCG"	""	"CTCGTTTTAGTAT"	"cel-miR-787-3p[5,18]"	NA
"MI0000302"	"cel-mir-124"	NA	"GTCCCACTTGTCATCTGGCATGCACCCTAGTGACTTTAGTGGACATCTAAGTCTTCCAACTAAGGCACGCGGTGAATGCCACGTGGCCATGATGGG"	"MIMAT0000282"	"cel-miR-124-3p"	"TAAGGCACGCGGTGAATGCCA"	""	"GGCACGCGGTGAA"	"cel-miR-124-3p[4,17]"	NA
"MI0000057"	"cel-mir-86"	"UNCHANGED"	"CGTGTCCACGCCGTCTAAGTGAATGCTTTGCCACAGTCTTCGATGTTCTGAAATGAAGCCTGGGCTCAGATTCGCTTAGGCCGGAGTTTGACACGGCA"	"MIMAT0000059"	"cel-miR-86-5p"	"TAAGTGAATGCTTTGCCACAGTC"	""	"TGAATGCTTTGCC"	"cel-miR-86-5p[5,18]"	NA
"MI0005185"	"cel-mir-785"	NA	"GCTCTTTTTCTCACCCATCAGCACAGAATTTTTCGCTAACAGAAACCTCAAAACAATGTAAGTGAATTGTTTTGTGTAGATGGTGGAAATGAGC"	"MIMAT0004220"	"cel-miR-785-3p"	"TAAGTGAATTGTTTTGTGTAGA"	""	"TGAATTGTTTTGT"	"cel-miR-785-3p[5,18]"	NA
"MI0017539"	"cel-mir-4809"	NA	"GTAAGTTCAGAGTTGAATTATCTTGATCATATTTGATAATACAACTTCTGGGCTTCCAG"	"MIMAT0019994"	"cel-miR-4809-3p"	"TAATACAACTTCTGGGCTTCCAG"	""	"ACAACTTCTGGGC"	"cel-miR-4809-3p[5,18]"	NA
"MI0000041"	"cel-mir-70"	NA	"TCAAAATAAAACGATGAAAACTATCGAAATACTATCGACGAATAACACTTATGAAGAAATGTAATACGTCGTTGGTGTTTCCATAGTTTGAATTGTTTAT"	"MIMAT0000042"	"cel-miR-70-3p"	"TAATACGTCGTTGGTGTTTCCAT"	""	"ACGTCGTTGGTGT"	"cel-miR-70-3p[5,18]"	NA
"MI0000311"	"cel-mir-236"	NA	"TCGGTGACCGATGTCCAGCGTCTTACCTGTTCAATATTTAGACTGACTATCAAAGAGATCTAATACTGTCAGGTAATGACGCTGGATTGTCATGTCAT"	"MIMAT0000291"	"cel-miR-236-3p"	"TAATACTGTCAGGTAATGACGCT"	""	"ACTGTCAGGTAAT"	"cel-miR-236-3p[5,18]"	NA
"MI0005186"	"cel-mir-786"	NA	"GGGATAGTTCCCGATCGAATATCAGTTGGGGTATTTACAAAAAGACAAAATTGTAATGCCCTGAATGATGTTCAATCGGTGATGAATCTC"	"MIMAT0004221"	"cel-miR-786-3p"	"TAATGCCCTGAATGATGTTCAAT"	""	"GCCCTGAATGATG"	"cel-miR-786-3p[5,18]"	NA
"MI0026829"	"cel-mir-8198"	NA	"TTGAACAGTTTCAATTTGTTTTTAAATTGTTCTACAACAATTTTTAAGAATTAATTACGGATACTGTTCAAA"	"MIMAT0032810"	"cel-miR-8198-3p"	"TAATTACGGATACTGTTCAAA"	""	"TTACGGATACTGT"	"cel-miR-8198-3p[4,17]"	NA
"MI0000056"	"cel-mir-85"	NA	"TATAGAATTTTGGCGTCGGAGCCCGATTTTTCAATAGTTTGAAACCAGTGTACACATAAATGGTTACAAAGTATTTGAAAAGTCGTGCTCTGAAAATGAATTCTTA"	"MIMAT0000058"	"cel-miR-85-3p"	"TACAAAGTATTTGAAAAGTCGTGC"	""	"AGTATTTGAAAAG"	"cel-miR-85-3p[6,19]"	NA
"MI0000330"	"cel-mir-254"	"UNCHANGED"	"ACTATGCATATTGCCGCCTACAGAAGCATAGATTTCCACAAACCATTCGAGGTGTTTGTGCAAATCTTTCGCGACTGTAGGCGGCGAACATGCAGTTTTT"	"MIMAT0031891"	"cel-miR-254-5p"	"TACAGAAGCATAGATTTCCACA"	""	"GAAGCATAGATTT"	"cel-miR-254-5p[5,18]"	NA
"MI0013633"	"cel-mir-2953"	"UNCHANGED"	"TACAGAAGTGTTCGTGAAAATAAATATGTGTTTTTTTTATGATCACTAGCTCTTCTGTAGC"	"MIMAT0014446"	"cel-miR-2953-5p"	"TACAGAAGTGTTCGTGAAAAT"	""	"AGAAGTGTTCGTG"	"cel-miR-2953-5p[4,17]"	NA
"MI0039736"	"cel-mir-12134"	"NEW"	"TTTTTTCAAGAAAGTGGTCAACAGAAAAGTTGTAGATAAAGTGATTATCTACATCTTTTTAGTTGATCACTTTTTTGTGAGAT"	"MIMAT0049028"	"cel-miR-12134"	"TACATCTTTTTAGTTGATCACT"	""	"TCTTTTTAGTTGA"	"cel-miR-12134[5,18]"	NA
"MI0000025"	"cel-mir-54"	NA	"GTGAGTCGCGCTCTGACTAGGATATGAGACGACGAGAACATTGCTTTTTTAAAAGACTTGTACCCGTAATCTTCATAATCCGAGTCAGGGCTAGCTGAC"	"MIMAT0000025"	"cel-miR-54-3p"	"TACCCGTAATCTTCATAATCCGAG"	""	"GTAATCTTCATAA"	"cel-miR-54-3p[6,19]"	NA
"MI0000027"	"cel-mir-56"	NA	"GAGCCAGTGTCTGTTCTTGGCGGATCCATTTTGGGTTGTACCTCATCCTAAATTTGACGGTACCCGTAATGTTTCCGCTGAGAACCGACTGTGCACC"	"MIMAT0000028"	"cel-miR-56-3p"	"TACCCGTAATGTTTCCGCTGAG"	""	"CGTAATGTTTCCG"	"cel-miR-56-3p[5,18]"	NA
"MI0000022"	"cel-mir-51"	"UNCHANGED"	"GTCCGAAAAGTCCGTCTACCCGTAGCTCCTATCCATGTTACTGGTCAAAAAGTGAACATGGAAGCAGGTACAGGTGCACGGCGAGTAGGGTCATGAAGCT"	"MIMAT0000022"	"cel-miR-51-5p"	"TACCCGTAGCTCCTATCCATGTT"	""	"CGTAGCTCCTATC"	"cel-miR-51-5p[5,18]"	NA
"MI0000026"	"cel-mir-55"	NA	"AGATTTGGAACTTAATGGGACTCGGCAGAAACCTATCGGTTATACTTTTTGGATATGCTATACCCGTATAAGTTTCTGCTGAGCCCCTTATTCCTGTT"	"MIMAT0000026"	"cel-miR-55-3p"	"TACCCGTATAAGTTTCTGCTGAG"	""	"CGTATAAGTTTCT"	"cel-miR-55-3p[5,18]"	NA
"MI0000028"	"cel-mir-57"	"UNCHANGED"	"ATCGACATGCTCGTCTACCCTGTAGATCGAGCTGTGTGTTTGAAACAATCATACACGAGCTAGACTACAAGGTGCACGAACAAACCGAAGATTTATGAA"	"MIMAT0000029"	"cel-miR-57-5p"	"TACCCTGTAGATCGAGCTGTGTGT"	""	"TGTAGATCGAGCT"	"cel-miR-57-5p[6,19]"	NA
"MI0000320"	"cel-mir-244"	NA	"CTCCATATCTCAATCTCTTTGGTTGTACAAAGTGGTATGGCTCATCGAATAAGCACATACTGCTTTTCAGCTAAAGGAATTGAGATTTTGTAGGCTTTT"	"MIMAT0015118"	"cel-miR-244-3p"	"TACTGCTTTTCAGCTAAAGGA"	""	"TGCTTTTCAGCTA"	"cel-miR-244-3p[4,17]"	NA
"MI0007985"	"cel-mir-1823"	NA	"CTTTGACCTGAACGTCACCCCTAACCCTATGCAGTATTTGGAGCTCATAAAATACTGGAAGTGTTTAGGAGTAATGCTCAGTTGTCAGAA"	"MIMAT0006590"	"cel-miR-1823-3p"	"TACTGGAAGTGTTTAGGAGTAA"	""	"GGAAGTGTTTAGG"	"cel-miR-1823-3p[5,18]"	NA
"MI0000316"	"cel-mir-240"	NA	"TTGTTAGAAACTTTTTCAAATCGAGGATTTTGAGACTAGAATGCTTGAATTGTACTAGCATACTGGCCCCCAAATCTTCGCTTAGAAATACAGTTCA"	"MIMAT0000296"	"cel-miR-240-3p"	"TACTGGCCCCCAAATCTTCGCT"	""	"GGCCCCCAAATCT"	"cel-miR-240-3p[5,18]"	NA
"MI0000323"	"cel-mir-247"	"UNCHANGED"	"ATTACCAGCTATTTTCCAAGTAGAGAAAAGTTTCTAATTACCCATCATGCACAAATGTGGTGACTAGAGCCTATTCTCTTCTTGGAAAAGTGGCGACT"	"MIMAT0015119"	"cel-miR-247-5p"	"TAGAGAAAAGTTTCTAATTACC"	""	"GAAAAGTTTCTAA"	"cel-miR-247-5p[5,18]"	NA
"MI0000054"	"cel-mir-83"	NA	"AGCACCACTCGGAACCACTGAATTTATGTGTGTACTTGACGGCCAACAAGAGCATCGATCTAGCACCATATAAATTCAGTAATTTCGCGTCGAGAGCT"	"MIMAT0000056"	"cel-miR-83-3p"	"TAGCACCATATAAATTCAGTAA"	""	"ACCATATAAATTC"	"cel-miR-83-3p[5,18]"	NA
"MI0007979"	"cel-mir-1817"	"UNCHANGED"	"TGTACATTTCAATTTTCGAGTAGCCAATGTCTTCTCTATCATGCATTTTACAAATAATGAGTACATGATAGTGAAATATTTGCTTCCTGAATTTCAGAGATGTTT"	"MIMAT0006584"	"cel-miR-1817"	"TAGCCAATGTCTTCTCTATCATG"	""	"CAATGTCTTCTCT"	"cel-miR-1817[5,18]"	NA
"MI0000754"	"cel-mir-355"	NA	"AATAATGTCAAGAATTGAATGGTTTGTTTTAGCCTGAGCTATGAGTCATCGGAATATGCATAGCTTCTTGCTAAAACATGCCAATCAATCTTAATTGACGAAGTTTTTGA"	"MIMAT0031895"	"cel-miR-355-3p"	"TAGCTTCTTGCTAAAACATGCC"	""	"TTCTTGCTAAAAC"	"cel-miR-355-3p[5,18]"	NA
"MI0000338"	"cel-mir-261"	"UNCHANGED"	"TGATGGCTTTTCTGGATTTGTTCCCTTCACGTGTAGAAAGAAACGAGCAAAAAAAATCTTAGTGTTAGCTTTTTAGTTTTCACGGTGAATATGGATATT"	"MIMAT0000316"	"cel-miR-261"	"TAGCTTTTTAGTTTTCACG"	""	"GCTTTTTAGTTTT"	"cel-miR-261[3,16]"	NA
"MI0017541"	"cel-mir-4811"	NA	"AAAATTGTGGTATTGAACAATACCTGTGTTAAAAGACATACATAGCAGCACCTTATAACACTCGTATTGTTCGCTACTACAGT"	"MIMAT0019997"	"cel-miR-4811-3p"	"TATAACACTCGTATTGTTCGCT"	""	"ACACTCGTATTGT"	"cel-miR-4811-3p[5,18]"	NA
"MI0017707"	"cel-mir-4922-1"	"UNCHANGED"	"GTGAGTAGAACAATTTCATATTGAAAAAAGTAAAATTGTCCTCTATATAACTGTTCTATTCACAG"	"MIMAT0020128"	"cel-miR-4922-1-2"	"TATATAACTGTTCTATTCACAG"	""	"TAACTGTTCTATT"	"cel-miR-4922-1-2[5,18]"	NA
"MI0017708"	"cel-mir-4922-2"	"UNCHANGED"	"GTGAGTAGGACAATTCATATTGAAAATATTGTCTTTTATATAACTGTTCTATTCACAG"	"MIMAT0020128"	"cel-miR-4922-1-2"	"TATATAACTGTTCTATTCACAG"	""	"TAACTGTTCTATT"	"cel-miR-4922-1-2[5,18]"	NA
"MI0026839"	"cel-mir-8206"	"UNCHANGED"	"TATATAATGTAATCTGAAATCACATTATTTTTCGGGATTTCAGATTACATTCTATAGG"	"MIMAT0032829"	"cel-miR-8206-5p"	"TATATAATGTAATCTGAAATCA"	""	"TAATGTAATCTGA"	"cel-miR-8206-5p[5,18]"	NA
"MI0005198"	"cel-mir-797"	"UNCHANGED"	"CGTCCAATGGACGATATCACAGCAATCACAATGAGAAGAATACATCTAGATACTCTTTTCATTGGTTTCTGTGAAATCGTATTTGAATG"	"MIMAT0004232"	"cel-miR-797-5p"	"TATCACAGCAATCACAATGAGAAGA"	""	"CAGCAATCACAAT"	"cel-miR-797-5p[6,19]"	NA
"MI0000004"	"cel-mir-2"	NA	"TAAACAGTATACAGAAAGCCATCAAAGCGGTGGTTGATGTGTTGCAAATTATGACTTTCATATCACAGCCAGCTTTGATGTGCTGCCTGTTGCACTGT"	"MIMAT0000004"	"cel-miR-2-3p"	"TATCACAGCCAGCTTTGATGTGC"	""	"ACAGCCAGCTTTG"	"cel-miR-2-3p[5,18]"	NA
"MI0000014"	"cel-mir-43"	NA	"TATTGGCACTAGTCGCCCGTGACATCAAGAAACTAGTGATTATGCCAAACCACAGGGACATATCACAGTTTACTTGCTGTCGCGGGCGGTGCTGAGTT"	"MIMAT0000014"	"cel-miR-43-3p"	"TATCACAGTTTACTTGCTGTCGC"	""	"ACAGTTTACTTGC"	"cel-miR-43-3p[5,18]"	NA
"MI0000042"	"cel-mir-71"	NA	"GTCTGCTCTGAACGATGAAAGACATGGGTAGTGAGACGTCGGAGCCTCGTCGTATCACTATTCTGTTTTTCGCCGTCGGGATCGTGACCTGGAA"	"MIMAT0015107"	"cel-miR-71-3p"	"TATCACTATTCTGTTTTTCGC"	""	"CACTATTCTGTTT"	"cel-miR-71-3p[4,17]"	NA
"MI0000819"	"cel-mir-392"	NA	"TTTTTGAAAATCTCGCAGACGTGTTCAGTCAGCATTCGTGGTTGAGGATATCGAACACAAAAAAAGATATCATCGATCACGTGTGATGACAGATTTTCTGCGACTAACAG"	"MIMAT0000768"	"cel-miR-392-3p"	"TATCATCGATCACGTGTGATGA"	""	"ATCGATCACGTGT"	"cel-miR-392-3p[5,18]"	NA
"MI0000319"	"cel-mir-243"	"UNCHANGED"	"TGTTCACGCATAAGCCTGATATCTCGGTGCGATCGTACCGTATCGCTCACACTTAGATTACGGTACGATCGCGGCGGGATATCAGGTACGTGATTGGA"	"MIMAT0015117"	"cel-miR-243-5p"	"TATCTCGGTGCGATCGTAC"	""	"TCTCGGTGCGATC"	"cel-miR-243-5p[3,16]"	NA
"MI0000034"	"cel-mir-63"	NA	"TCAACAAGCAGACACAATTTCTAACTCGTCGGTAGTCATCGTTCTAGCTGAAAAGGACACTATGACACTGAAGCGAGTTGGAAATAGTGGTTCTACTTGAGCAA"	"MIMAT0000035"	"cel-miR-63-3p"	"TATGACACTGAAGCGAGTTGGAAA"	""	"CACTGAAGCGAGT"	"cel-miR-63-3p[6,19]"	NA
"MI0000036"	"cel-mir-65"	"UNCHANGED"	"ATGGAGCCTTCGCCGATTATGACACTGAAGCGTAACCGAACACCATATTTTGAGATTCTGCTACGCGCAGTGCCATGCTCGGCGCGTTGGCTCCATTAAA"	"MIMAT0000037"	"cel-miR-65-5p"	"TATGACACTGAAGCGTAACCGAA"	""	"ACACTGAAGCGTA"	"cel-miR-65-5p[5,18]"	NA
"MI0000035"	"cel-mir-64"	"UNCHANGED"	"CTCCCCGCTGACCTCGCCGAATATGACACTGAAGCGTTACCGAACCGTTTTCCCACACCTGGATTCGGTGCAACGATCAGTGGCATGCTCGGCTAGCGCCAGTTAAGTAT"	"MIMAT0000036"	"cel-miR-64-5p"	"TATGACACTGAAGCGTTACCGAA"	""	"ACACTGAAGCGTT"	"cel-miR-64-5p[5,18]"	NA
"MI0005184"	"cel-mir-784"	NA	"TTCGACGTCCACGTGGCACAATCTGCGTACGTAGAAAGATCAAAAAGTCACTTCTATGTACAAATGTTGCGCTGCCTGGCACAGTGAA"	"MIMAT0020347"	"cel-miR-784-3p"	"TATGTACAAATGTTGCGCTGCC"	""	"TACAAATGTTGCG"	"cel-miR-784-3p[5,18]"	NA
"MI0000031"	"cel-mir-60"	NA	"CTCGAAAACCGCTTGTTCTTGAACTGGAAGAGTGCCATAAAATCATGACAAAGTACGTGATATTATGCACATTTTCTAGTTCAAGACTTGAGAAATCG"	"MIMAT0000032"	"cel-miR-60-3p"	"TATTATGCACATTTTCTAGTTCA"	""	"ATGCACATTTTCT"	"cel-miR-60-3p[5,18]"	NA
"MI0000310"	"cel-mir-235"	NA	"TCCGAAGATATCAGGATCAGGCCTTGGCTGATTGCAAAATTGTTCACCGTGAAAATTAAATATTGCACTCTCCCCGGCCTGATCTGAGAGTAAGGCG"	"MIMAT0000290"	"cel-miR-235-3p"	"TATTGCACTCTCCCCGGCCTGA"	""	"GCACTCTCCCCGG"	"cel-miR-235-3p[5,18]"	NA
"MI0019074"	"cel-mir-5553"	NA	"AAGGGTCGCATTTATACGAAATGGTCTTGCCACGCGCCATCCATTGATTTTTAAATCTTTTTTAATCAATGGGTAGCACGTGGCAAGACTATTTTGCATAAACAAACCCT"	"MIMAT0022198"	"cel-miR-5553-3p"	"TCAATGGGTAGCACGTGGCAAGA"	""	"TGGGTAGCACGTG"	"cel-miR-5553-3p[5,18]"	NA
"MI0010973"	"cel-mir-2220"	NA	"GTAAGACCATAAACTATTTATCAATTCATCATTTGATCAATTGTTTGTGGACTTACAG"	"MIMAT0011462"	"cel-miR-2220-3p"	"TCAATTGTTTGTGGACTTACAG"	""	"TTGTTTGTGGACT"	"cel-miR-2220-3p[5,18]"	NA
"MI0000038"	"cel-mir-67"	NA	"GATCAAAGATTCGTCGATCCGCTCATTCTGCCGGTTGTTATGCTATTATCAGATTAAGCATCACAACCTCCTAGAAAGAGTAGATCGATTTTAAAACTT"	"MIMAT0000039"	"cel-miR-67-3p"	"TCACAACCTCCTAGAAAGAGTAGA"	""	"ACCTCCTAGAAAG"	"cel-miR-67-3p[6,19]"	NA
"MI0000325"	"cel-mir-249"	NA	"ATACTCTTGAACGACTAGCAACGCACAAACGTCTTCTGTGCGACAACATCTGAATGTTTGTCACAGGACTTTTGAGCGTTGCCAGTCGAAAGAGGAA"	"MIMAT0000305"	"cel-miR-249-3p"	"TCACAGGACTTTTGAGCGTTGCC"	""	"AGGACTTTTGAGC"	"cel-miR-249-3p[5,18]"	NA
"MI0000009"	"cel-mir-38"	NA	"GTGAGCCAGGTCCTGTTCCGGTTTTTTCCGTGGTGATAACGCATCCAAAAGTCTCTATCACCGGGAGAAAAACTGGAGTAGGACCTGTGACTCAT"	"MIMAT0000009"	"cel-miR-38-3p"	"TCACCGGGAGAAAAACTGGAGT"	""	"CGGGAGAAAAACT"	"cel-miR-38-3p[5,18]"	NA
"MI0000012"	"cel-mir-41"	NA	"GGGTCCCAGAGACCTTGGTGGTTTTTCTCTGCAGTGATAGATACTTCTAACAACTCGCTATCACCGGGTGAAAAATCACCTAGGTCTGGAGCCTCCT"	"MIMAT0000012"	"cel-miR-41-3p"	"TCACCGGGTGAAAAATCACCTA"	""	"CGGGTGAAAAATC"	"cel-miR-41-3p[5,18]"	NA
"MI0000007"	"cel-mir-36"	NA	"CACCGCTGTCGGGGAACCGCGCCAATTTTCGCTTCAGTGCTAGACCATCCAAAGTGTCTATCACCGGGTGAAAATTCGCATGGGTCCCCGACGCGGA"	"MIMAT0000007"	"cel-miR-36-3p"	"TCACCGGGTGAAAATTCGCATG"	""	"CGGGTGAAAATTC"	"cel-miR-36-3p[5,18]"	NA
"MI0000008"	"cel-mir-37"	NA	"TTCTAGAAACCCTTGGACCAGTGTGGGTGTCCGTTGCGGTGCTACATTCTCTAATCTGTATCACCGGGTGAACACTTGCAGTGGTCCTCGTGGTTTCT"	"MIMAT0000008"	"cel-miR-37-3p"	"TCACCGGGTGAACACTTGCAGT"	""	"CGGGTGAACACTT"	"cel-miR-37-3p[5,18]"	NA
"MI0000006"	"cel-mir-35"	NA	"TCTCGGATCAGATCGAGCCATTGCTGGTTTCTTCCACAGTGGTACTTTCCATTAGAACTATCACCGGGTGGAAACTAGCAGTGGCTCGATCTTTTCC"	"MIMAT0000006"	"cel-miR-35-3p"	"TCACCGGGTGGAAACTAGCAGT"	""	"CGGGTGGAAACTA"	"cel-miR-35-3p[5,18]"	NA
"MI0000010"	"cel-mir-39"	NA	"TATACCGAGAGCCCAGCTGATTTCGTCTTGGTAATAAGCTCGTCATTGAGATTATCACCGGGTGTAAATCAGCTTGGCTCTGGTGTC"	"MIMAT0000010"	"cel-miR-39-3p"	"TCACCGGGTGTAAATCAGCTTG"	""	"CGGGTGTAAATCA"	"cel-miR-39-3p[5,18]"	NA
"MI0000011"	"cel-mir-40"	NA	"TCCTGTCCGCACCTCAGTGGATGTATGCCATGATGATAAGATATCAGAAATCCTATCACCGGGTGTACATCAGCTAAGGTGCGGGTACAGGT"	"MIMAT0000011"	"cel-miR-40-3p"	"TCACCGGGTGTACATCAGCTAA"	""	"CGGGTGTACATCA"	"cel-miR-40-3p[5,18]"	NA
"MI0000013"	"cel-mir-42"	NA	"TTCGCGGACCTTTGTGGGTGTTTGCTTTTTCGGTGAAGTTGTCTTCCGTAGCTTCTTCTTCACCGGGTTAACATCTACAGAGGTCCAAAAAGGGG"	"MIMAT0000013"	"cel-miR-42-3p"	"TCACCGGGTTAACATCTACAGA"	""	"CGGGTTAACATCT"	"cel-miR-42-3p[5,18]"	NA
"MI0000758"	"cel-mir-359"	"UNCHANGED"	"AATGCTCCTTGAAATTTCAATCGTTAGAGTAACACACAGTTACACGACCTCATCAATCGTGTCACTGGTCTTTCTCTGACGAATTGAAGTTCTGGAGACAATTTTGGTTG"	"MIMAT0000701"	"cel-miR-359"	"TCACTGGTCTTTCTCTGACGAA"	""	"TGGTCTTTCTCTG"	"cel-miR-359[5,18]"	NA
"MI0010961"	"cel-mir-2211"	NA	"CCTCCATCTATTCTCCATCTGACGACGTCCCGTCCCGTCAGGTAGAATTTAGAGGAGAAA"	"MIMAT0011438"	"cel-miR-2211-3p"	"TCAGGTAGAATTTAGAGGAGAAA"	""	"GTAGAATTTAGAG"	"cel-miR-2211-3p[5,18]"	NA
"MI0019070"	"cel-mir-5549"	NA	"ACGAGAGGGGGAGAGATTTTTTTGGGCCTTGTGAAATTAACGTGAGTTTTCTGGTCATCTGACTAATCATGTTGGTTTTTTGTTGGTTTATTTTGTTTTTATCTTTGTTT"	"MIMAT0022190"	"cel-miR-5549-3p"	"TCATGTTGGTTTTTTGTTGGT"	""	"TGTTGGTTTTTTG"	"cel-miR-5549-3p[4,17]"	NA
"MI0000312"	"cel-mir-237"	"UNCHANGED"	"TTCTACATTGCGTGGTCCCTGAGAATTCTCGAACAGCTTCAAAGTGTTCAAGCTGTCGAGTTTTGTCAAGGACCAAACAATAGAAGATCACTTGGGAAC"	"MIMAT0000292"	"cel-miR-237-5p"	"TCCCTGAGAATTCTCGAACAGCT"	""	"TGAGAATTCTCGA"	"cel-miR-237-5p[5,18]"	NA
"MI0000002"	"cel-lin-4"	"UNCHANGED"	"ATGCTTCCGGCCTGTTCCCTGAGACCTCAAGTGTGAGTGTACTATTGATGCTTCACACCTGGGCTCTCCGGGTACCAGGACGGTTTGAGCAGAT"	"MIMAT0000002"	"cel-lin-4-5p"	"TCCCTGAGACCTCAAGTGTGA"	""	"CTGAGACCTCAAG"	"cel-lin-4-5p[4,17]"	NA
"MI0005189"	"cel-mir-789-1"	NA	"TGTCCTGAAGGCAGGCAATTGATGACCCAGACAAGGACTAATCAAGATTGTCGATCTAGTCCCTGCCTGGGTCACCAATTGTCGGCCCCCGCGGGCA"	"MIMAT0004224"	"cel-miR-789-3p-1-2"	"TCCCTGCCTGGGTCACCAATTGT"	""	NA	NA	NA
"MI0005190"	"cel-mir-789-2"	NA	"TGTCCTGAAGGCGGACAATTGATGACTCAGGCAGGGACTAATCATGATTGTCGATTTAGTCCCTGCCTGGGTCACCAATTGTCGGCCCCCGCGGACA"	"MIMAT0004224"	"cel-miR-789-3p-1-2"	"TCCCTGCCTGGGTCACCAATTGT"	""	NA	NA	NA
"MI0026841"	"cel-mir-8208"	"UNCHANGED"	"TCCGCCCACAGTTGAACCAATTAGCGACCCCACTTCTAATTGGTTCAGGAATGGGCGGAACT"	"MIMAT0032833"	"cel-miR-8208-5p"	"TCCGCCCACAGTTGAACCAATT"	""	"CCCACAGTTGAAC"	"cel-miR-8208-5p[5,18]"	NA
"MI0005188"	"cel-mir-788"	"UNCHANGED"	"GCTCACTTTTCCGCTTCTAACTTCCATTTGCAGAGTTCAAGTAATCTGGAAATGGATTAGAATCGTGGAAAAGTTAGT"	"MIMAT0004223"	"cel-miR-788-5p"	"TCCGCTTCTAACTTCCATTTGCAG"	""	"TTCTAACTTCCAT"	"cel-miR-788-5p[6,19]"	NA
"MI0000009"	"cel-mir-38"	"UNCHANGED"	"GTGAGCCAGGTCCTGTTCCGGTTTTTTCCGTGGTGATAACGCATCCAAAAGTCTCTATCACCGGGAGAAAAACTGGAGTAGGACCTGTGACTCAT"	"MIMAT0020305"	"cel-miR-38-5p"	"TCCGGTTTTTTCCGTGGTGATA"	""	"GTTTTTTCCGTGG"	"cel-miR-38-5p[5,18]"	NA
"MI0000030"	"cel-mir-59"	NA	"AGTTGATCTAGATATGACATCGTCCTGAAAACGAAACGGAACAAAAGTTCAAGATATTGATTTCGAATCGTTTATCAGGATGATGTGATTAAAATCAACT"	"MIMAT0000031"	"cel-miR-59-3p"	"TCGAATCGTTTATCAGGATGATG"	""	"ATCGTTTATCAGG"	"cel-miR-59-3p[5,18]"	NA
"MI0010968"	"cel-mir-2217a"	NA	"CAGAGTGGGCAGTCGGTGTCGATCTACATCATTCGCAGGTCGACCCTTGTGCCTGTTTCGGT"	"MIMAT0011452"	"cel-miR-2217a-3p"	"TCGACCCTTGTGCCTGTTTCGGT"	""	"CCCTTGTGCCTGT"	"cel-miR-2217a-3p[5,18]"	NA
"MI0000308"	"cel-mir-233"	"UNCHANGED"	"ATATAGCATCTTTCTGTCTCGCCCATCCCGTTGCTCCAATATTCTAACAACAAGTGATTATTGAGCAATGCGCATGTGCGGGATAGACTGATGGCTGC"	"MIMAT0020329"	"cel-miR-233-5p"	"TCGCCCATCCCGTTGCTCCAATA"	""	"CCATCCCGTTGCT"	"cel-miR-233-5p[5,18]"	NA
"MI0000351"	"cel-mir-271"	"UNCHANGED"	"AATAGAAAACGGGGCCCGCCGGCTCGCCGGGTGGAAAGCATTCGACAGCAAGACGTGTTTTTCAATCTGCGACTCGGCGATTCCCATCATCACT"	"MIMAT0000327"	"cel-miR-271"	"TCGCCGGGTGGAAAGCATTC"	""	"CCGGGTGGAAAGC"	"cel-miR-271[4,17]"	NA
"MI0017717"	"cel-mir-4931"	"UNCHANGED"	"GAATTTTGCTCGCGCCAAAATGAGAACTACACGACCAATCAGTGATGTGCTCCACCCAATATTGAACCAATCGCTGATTGGTTGAGCAGTTCTCATTTTGGGTGG"	"MIMAT0020137"	"cel-miR-4931"	"TCGCTGATTGGTTGAGCAGT"	""	"CTGATTGGTTGAG"	"cel-miR-4931[4,17]"	NA
"MI0026830"	"cel-mir-8199"	"UNCHANGED"	"TCGGACAATATCACTGGATCTTCAAATATGTGGATTTCAACGTGGCGGAAATGTATTAGAAAAAGGTGTAGAAGGATGTTGGAAAATA"	"MIMAT0032811"	"cel-miR-8199-5p"	"TCGGACAATATCACTGGAT"	""	"GGACAATATCACT"	"cel-miR-8199-5p[3,16]"	NA
"MI0026818"	"cel-mir-8187"	"UNCHANGED"	"TCGGGAATGCCTACGCCTGCTTACCTGCCTATTAGGCATGGAATAGGCACGTAGGCAGGCAAGATGTAGGCACGATG"	"MIMAT0032787"	"cel-miR-8187-5p"	"TCGGGAATGCCTACGCCTGC"	""	"GGAATGCCTACGC"	"cel-miR-8187-5p[4,17]"	NA
"MI0000030"	"cel-mir-59"	"UNCHANGED"	"AGTTGATCTAGATATGACATCGTCCTGAAAACGAAACGGAACAAAAGTTCAAGATATTGATTTCGAATCGTTTATCAGGATGATGTGATTAAAATCAACT"	"MIMAT0015101"	"cel-miR-59-5p"	"TCGTCCTGAAAACGAAACGGAA"	""	"CCTGAAAACGAAA"	"cel-miR-59-5p[5,18]"	NA
"MI0000034"	"cel-mir-63"	"UNCHANGED"	"TCAACAAGCAGACACAATTTCTAACTCGTCGGTAGTCATCGTTCTAGCTGAAAAGGACACTATGACACTGAAGCGAGTTGGAAATAGTGGTTCTACTTGAGCAA"	"MIMAT0015104"	"cel-miR-63-5p"	"TCTAACTCGTCGGTAGTCATCGT"	""	"ACTCGTCGGTAGT"	"cel-miR-63-5p[5,18]"	NA
"MI0026820"	"cel-mir-8189"	"UNCHANGED"	"TCTCTTATCCACTAGGCCACGAGTGCCAGCGCCCTCAAGGAGTCGGGTCCGCATGGCCTAGTGGATAAGAGGGA"	"MIMAT0032791"	"cel-miR-8189-5p"	"TCTCTTATCCACTAGGCCACGA"	""	"TTATCCACTAGGC"	"cel-miR-8189-5p[5,18]"	NA
"MI0019159"	"cel-mir-5595"	"UNCHANGED"	"TCTCTTTTTTCTCGCATGCCATCTCAAAACATCGATGGCGAGAGAGCGTGTGGAGAAGAGAGACG"	"MIMAT0022313"	"cel-miR-5595-5p"	"TCTCTTTTTTCTCGCATGCCATCT"	""	"TTTTTCTCGCATG"	"cel-miR-5595-5p[6,19]"	NA
"MI0026831"	"cel-mir-8200"	NA	"TGGCTCAAATCTCCAGTCAGACCCTGATGTGGGTCTGACGGGAGATTTGAGCCATC"	"MIMAT0032814"	"cel-miR-8200-3p"	"TCTGACGGGAGATTTGAGCCATC"	""	"ACGGGAGATTTGA"	"cel-miR-8200-3p[5,18]"	NA
"MI0019073"	"cel-mir-5552"	NA	"GGTCTGCTAATTATTTTTGTAGTTTGTAGTCTAGCAGACCAATACCAAAAGCTTTGGGTCTGCCAGACTACAAACCACACAAATCACTAGCAGACCCTTTTTTTTTTTTT"	"MIMAT0022196"	"cel-miR-5552-3p"	"TCTGCCAGACTACAAACCACACA"	""	"CCAGACTACAAAC"	"cel-miR-5552-3p[5,18]"	NA
"MI0026832"	"cel-mir-8201"	"UNCHANGED"	"TCTGGATCGATAATGTAAACCTATTGAATCTATAGAATTACATTATTGATCCAGAGA"	"MIMAT0032815"	"cel-miR-8201-5p"	"TCTGGATCGATAATGTAAACCT"	""	"GATCGATAATGTA"	"cel-miR-8201-5p[5,18]"	NA
"MI0026842"	"cel-mir-8209"	NA	"AAAACGAAGAAAGAAGAAGAAGCATAGTGTTGTCTTCTTCTTCTCCCTTCGTTTCCC"	"MIMAT0032836"	"cel-miR-8209-3p"	"TCTTCTTCTCCCTTCGTTTCCC"	""	"CTTCTCCCTTCGT"	"cel-miR-8209-3p[5,18]"	NA
"MI0000320"	"cel-mir-244"	"UNCHANGED"	"CTCCATATCTCAATCTCTTTGGTTGTACAAAGTGGTATGGCTCATCGAATAAGCACATACTGCTTTTCAGCTAAAGGAATTGAGATTTTGTAGGCTTTT"	"MIMAT0000300"	"cel-miR-244-5p"	"TCTTTGGTTGTACAAAGTGGTATG"	""	"GGTTGTACAAAGT"	"cel-miR-244-5p[6,19]"	NA
"MI0005195"	"cel-mir-794"	NA	"CTGAGCGTGTCTCTTGAGGTAATCATCGTTGTCACTTCGCAAAGTTGGAATTGAAAACGTTGTCTATCTCGAAAGGCTTATCAG"	"MIMAT0020352"	"cel-miR-794-3p"	"TGAAAACGTTGTCTATCTCGAA"	""	"AACGTTGTCTATC"	"cel-miR-794-3p[5,18]"	NA
"MI0000042"	"cel-mir-71"	"UNCHANGED"	"GTCTGCTCTGAACGATGAAAGACATGGGTAGTGAGACGTCGGAGCCTCGTCGTATCACTATTCTGTTTTTCGCCGTCGGGATCGTGACCTGGAA"	"MIMAT0000043"	"cel-miR-71-5p"	"TGAAAGACATGGGTAGTGAGACG"	""	"AGACATGGGTAGT"	"cel-miR-71-5p[5,18]"	NA
"MI0017541"	"cel-mir-4811"	"UNCHANGED"	"AAAATTGTGGTATTGAACAATACCTGTGTTAAAAGACATACATAGCAGCACCTTATAACACTCGTATTGTTCGCTACTACAGT"	"MIMAT0019996"	"cel-miR-4811-5p"	"TGAACAATACCTGTGTTAAAAG"	""	"CAATACCTGTGTT"	"cel-miR-4811-5p[5,18]"	NA
"MI0026833"	"cel-mir-8202"	"UNCHANGED"	"TGAACAGAAAAAGTCGTGTGTTTCAAGAAGTCGATAATATTCAAGACTTAATTTTTTTGTTGCAGAGACATTTTGGACAATTGC"	"MIMAT0032817"	"cel-miR-8202-5p"	"TGAACAGAAAAAGTCGTGTGT"	""	"ACAGAAAAAGTCG"	"cel-miR-8202-5p[4,17]"	NA
"MI0026834"	"cel-mir-8203"	"UNCHANGED"	"TGAACATCATTCAGGGCATTACAATTTTGTCTTTTTGTAAATACCCCAACTGATATTCGAT"	"MIMAT0032819"	"cel-miR-8203-5p"	"TGAACATCATTCAGGGCATTAC"	""	"CATCATTCAGGGC"	"cel-miR-8203-5p[5,18]"	NA
"MI0005200"	"cel-mir-799"	"UNCHANGED"	"GTTTTTCAATTTTTTTCACCGGTTTTAAAAAGTGGTTTCACATTCAATAAAGACATGTGAACCCTGATAAAGCTAGTGGAAATATCGGAAAAC"	"MIMAT0004234"	"cel-miR-799"	"TGAACCCTGATAAAGCTAGTGG"	""	"CCCTGATAAAGCT"	"cel-miR-799[5,18]"	NA
"MI0005201"	"cel-mir-800"	"UNCHANGED"	"ACGGCGGCTGACAATTTCCGAGTTAGGCCACTCTTATAATCAGTGGCCAAACTCGGAAATTGTCTGCCGCCGT"	"MIMAT0020354"	"cel-miR-800-5p"	"TGACAATTTCCGAGTTAGGCCA"	""	"AATTTCCGAGTTA"	"cel-miR-800-5p[5,18]"	NA
"MI0000759"	"cel-mir-360"	NA	"CATTCTGTTAGGAAGCATCAATGTGTTGTGACCGTTGTTACGGTCAATTTGCAAATTGAAAAAATGACCGTAATCCCGTTCACAATACATTGTTCGTTTTCTCCAAAGGT"	"MIMAT0000702"	"cel-miR-360-3p"	"TGACCGTAATCCCGTTCACAA"	""	"CCGTAATCCCGTT"	"cel-miR-360-3p[4,17]"	NA
"MI0000032"	"cel-mir-61"	NA	"TTCCATTATCGCTGAACCTCGAGATGGGTTACGGGGCTTAGTCCTTCCTCCGTATGGCAATGACTAGAACCGTTACTCATCTCGAGGTTTCGGTGAT"	"MIMAT0000033"	"cel-miR-61-3p"	"TGACTAGAACCGTTACTCATC"	""	"CTAGAACCGTTAC"	"cel-miR-61-3p[4,17]"	NA
"MI0000015"	"cel-mir-44"	NA	"GAGAAAATGGCCAATCTGGATGTGCTCGTTGGTCATAGACGTCAACACGAACTGTTCATATGACTAGAGACACATTCAGCTTGGCCTGCTTCTCTA"	"MIMAT0000015"	"cel-miR-44-3p"	"TGACTAGAGACACATTCAGCT"	"cel-miR-45-3p"	"CTAGAGACACATT"	"cel-miR-44-3p-45-3p[4,17]"	"cel-miR-44-3p-45-3p"
"MI0000016"	"cel-mir-45"	NA	"CACCATGTGCCACGCTGGATGTGCTCGTTAGTCATAATATCCTCCACAAAGCAAGGACTATGACTAGAGACACATTCAGCTTGGCGCCGAATGCAT"	"MIMAT0000016"	"cel-miR-45-3p"	"TGACTAGAGACACATTCAGCT"	"cel-miR-44-3p"	"CTAGAGACACATT"	"cel-miR-44-3p-45-3p[4,17]"	"cel-miR-44-3p-45-3p"
"MI0000323"	"cel-mir-247"	NA	"ATTACCAGCTATTTTCCAAGTAGAGAAAAGTTTCTAATTACCCATCATGCACAAATGTGGTGACTAGAGCCTATTCTCTTCTTGGAAAAGTGGCGACT"	"MIMAT0000303"	"cel-miR-247-3p"	"TGACTAGAGCCTATTCTCTTCT"	""	"TAGAGCCTATTCT"	"cel-miR-247-3p[5,18]"	NA
"MI0026835"	"cel-mir-4810b"	NA	"GTAGGTTCATGAGTAGTCATATAGGTATATTGTACGTATGACTATCTCATCAACTTACAG"	"MIMAT0032822"	"cel-miR-4810b-3p"	"TGACTATCTCATCAACTTACAG"	""	"TATCTCATCAACT"	"cel-miR-4810b-3p[5,18]"	NA
"MI0005193"	"cel-mir-792"	"UNCHANGED"	"AAGTTGGTCAACGTTTGAGAGTTCAAAAGATTTAGCAATTTTATACGAGTGAAATTGAAATCTCTTCAACTTTCAGACGTTTTCTGATTT"	"MIMAT0020351"	"cel-miR-792-5p"	"TGAGAGTTCAAAAGATTTAGCAATT"	""	"GTTCAAAAGATTT"	"cel-miR-792-5p[6,19]"	NA
"MI0000053"	"cel-mir-82"	NA	"GAAATAGGTTCTTTTAGCAACCGGTTTTCTCTGTGATCTACAGAATGACAGCTAATCGTCTGAGATCATCGTGAAAGCCAGTTGTTTTTATGAACTC"	"MIMAT0000055"	"cel-miR-82-3p"	"TGAGATCATCGTGAAAGCCAGT"	""	NA	NA	NA
"MI0000052"	"cel-mir-81"	NA	"ATCAGTGCCATCGTGCCCAACAGTCGGTTTTCACCGTGATCTGAGAGCAATCCAAAAATGCTTTTCTGAGATCATCGTGAAAGCTAGTTGTTGGTCTACGGGCTTTTG"	"MIMAT0000054"	"cel-miR-81-3p"	"TGAGATCATCGTGAAAGCTAGT"	""	NA	NA	NA
"MI0000051"	"cel-mir-80"	NA	"ATGGACACTCGTTCGCTCAGCTTTCGACATGATTCTGAACAATCCGCAAGCCCATGTTGTTGAGATCATTAGTTGAAAGCCGAATGATCAGAGATATC"	"MIMAT0000053"	"cel-miR-80-3p"	"TGAGATCATTAGTTGAAAGCCGA"	""	"ATCATTAGTTGAA"	"cel-miR-80-3p[5,18]"	NA
"MI0000029"	"cel-mir-58a"	NA	"GCTCGTCATATCCATTGCCCTACTCTTCGCATCTCATCACTTCGTCCAATACCATAGGGATGAGATCGTTCAGTACGGCAATGGACTGAGCTAGAGT"	"MIMAT0000030"	"cel-miR-58a-3p"	"TGAGATCGTTCAGTACGGCAAT"	""	"ATCGTTCAGTACG"	"cel-miR-58a-3p[5,18]"	NA
"MI0000345"	"cel-mir-265"	"UNCHANGED"	"GGTTTGACTTACCCCCTCCTTCCGCTGGCCGCCGTTTTTATTATGAACTTGATGTGGTTTGAGGGAGGAAGGGTGGTATTTGAACC"	"MIMAT0000321"	"cel-miR-265"	"TGAGGGAGGAAGGGTGGTAT"	""	"GGGAGGAAGGGTG"	"cel-miR-265[4,17]"	NA
"MI0005195"	"cel-mir-794"	"UNCHANGED"	"CTGAGCGTGTCTCTTGAGGTAATCATCGTTGTCACTTCGCAAAGTTGGAATTGAAAACGTTGTCTATCTCGAAAGGCTTATCAG"	"MIMAT0004229"	"cel-miR-794-5p"	"TGAGGTAATCATCGTTGTCACT"	""	"GTAATCATCGTTG"	"cel-miR-794-5p[5,18]"	NA
"MI0005196"	"cel-mir-795"	"UNCHANGED"	"GAAACGTTACCTGCTGAGGTAGATTGATCAGCGAGCTTGATACCCCGTTCAAAATCGTGATCAGTATACTTCGTCAGGCAGCTTGTTTT"	"MIMAT0004230"	"cel-miR-795-5p"	"TGAGGTAGATTGATCAGCGAGCTT"	""	"TAGATTGATCAGC"	"cel-miR-795-5p[6,19]"	NA
"MI0000019"	"cel-mir-48"	"UNCHANGED"	"AAACTCCCGGGAACTTGAGGTAGGCTCAGTAGATGCGAATTGAACGGTATCTCACATCCACCAGCCTAGCTCGCATTCCCAGAGTTTACGGTATTGTT"	"MIMAT0000019"	"cel-miR-48-5p"	"TGAGGTAGGCTCAGTAGATGCGA"	""	"GTAGGCTCAGTAG"	"cel-miR-48-5p[5,18]"	NA
"MI0000317"	"cel-mir-241"	"UNCHANGED"	"CGGGGGTGTCAAAGTTGAGGTAGGTGCGAGAAATGACGGCATCCATATAGTAATCGTTCATTGTCTCTCAGCTGCTTCATCTGTGACATGGCTACG"	"MIMAT0000297"	"cel-miR-241-5p"	"TGAGGTAGGTGCGAGAAATGA"	""	"GGTAGGTGCGAGA"	"cel-miR-241-5p[4,17]"	NA
"MI0000001"	"cel-let-7"	"UNCHANGED"	"TACACTGTGGATCCGGTGAGGTAGTAGGTTGTATAGTTTGGAATATTACCACCGGTGAACTATGCAATTTTCTACCTTACCGGAGACAGAACTCTTCGA"	"MIMAT0000001"	"cel-let-7-5p"	"TGAGGTAGTAGGTTGTATAGTT"	""	"GTAGTAGGTTGTA"	"cel-let-7-5p[5,18]"	NA
"MI0000055"	"cel-mir-84"	"UNCHANGED"	"GTGGCATCTGAGGTAGTATGTAATATTGTAGACTGTCTATAATGTCCACAATGTTTCAACTAACTCGGCTGTTCT"	"MIMAT0000057"	"cel-miR-84-5p"	"TGAGGTAGTATGTAATATTGTAGA"	""	"TAGTATGTAATAT"	"cel-miR-84-5p[6,19]"	NA
"MI0005194"	"cel-mir-793"	"UNCHANGED"	"TGGTTGGTAAAAGTCTGTTTAACTATTGTACATCACAATTTTCACTGCGAAAAATTGAGGTATCTTAGTTAGACAGACATATACTACAACCA"	"MIMAT0004228"	"cel-miR-793"	"TGAGGTATCTTAGTTAGACAGA"	""	"GTATCTTAGTTAG"	"cel-miR-793[5,18]"	NA
"MI0007983"	"cel-mir-1821"	NA	"ATATGTAGTTGGTACAAGTTTGCCCAACTTGCAGACTTTTCAATTTTCGGCAAGTGGAATTGAGGTCTTATAGTTAGGTAGACATTTACTACAACTAATATATA"	"MIMAT0006588"	"cel-miR-1821-3p"	"TGAGGTCTTATAGTTAGGTAGA"	""	"GTCTTATAGTTAG"	"cel-miR-1821-3p[5,18]"	NA
"MI0017540"	"cel-mir-4810a"	"UNCHANGED"	"GTAAGTTCATGAGTTCTCTTATAAAAAGGTTTTTATGAGTATCGCATCAACTTACAG"	"MIMAT0019995"	"cel-miR-4810a"	"TGAGTATCGCATCAACTTACAG"	""	"TATCGCATCAACT"	"cel-miR-4810a[5,18]"	NA
"MI0000033"	"cel-mir-62"	"UNCHANGED"	"GTGAGTTAGATCTCATATCCTTCCGCAAAATGGAAATGATATGTAATCTAGCTTACAG"	"MIMAT0000034"	"cel-miR-62"	"TGATATGTAATCTAGCTTACAG"	""	"ATGTAATCTAGCT"	"cel-miR-62[5,18]"	NA
"MI0000021"	"cel-mir-50"	"UNCHANGED"	"CTGCCCGCCGGCCGCTGATATGTCTGGTATTCTTGGGTTTGAACTTCCAGCGTTGAACCCGCATATTAGACGTATCGACGGCCGGCGGGGCAGGTAATG"	"MIMAT0000021"	"cel-miR-50-5p"	"TGATATGTCTGGTATTCTTGGGTT"	""	"TGTCTGGTATTCT"	"cel-miR-50-5p[6,19]"	NA
"MI0000059"	"cel-mir-90"	NA	"GGGCGCCATTTCGAGCGGCTTTCAACGACGATATCAACCGACAACTCACACTTTTGCGTGTTGATATGTTGTTTGAATGCCCCTTGAATTGGATGCCA"	"MIMAT0000061"	"cel-miR-90-3p"	"TGATATGTTGTTTGAATGCCCCT"	""	"ATGTTGTTTGAAT"	"cel-miR-90-3p[5,18]"	NA
"MI0000330"	"cel-mir-254"	NA	"ACTATGCATATTGCCGCCTACAGAAGCATAGATTTCCACAAACCATTCGAGGTGTTTGTGCAAATCTTTCGCGACTGTAGGCGGCGAACATGCAGTTTTT"	"MIMAT0000310"	"cel-miR-254-3p"	"TGCAAATCTTTCGCGAC"	""	"GCAAATCTTTCGC"	"cel-miR-254-3p[2,15]"	NA
"MI0007983"	"cel-mir-1821"	"UNCHANGED"	"ATATGTAGTTGGTACAAGTTTGCCCAACTTGCAGACTTTTCAATTTTCGGCAAGTGGAATTGAGGTCTTATAGTTAGGTAGACATTTACTACAACTAATATATA"	"MIMAT0032034"	"cel-miR-1821-5p"	"TGCCCAACTTGCAGACTTTTCAAT"	""	"AACTTGCAGACTT"	"cel-miR-1821-5p[6,19]"	NA
"MI0000353"	"cel-mir-273"	"UNCHANGED"	"ACCTCGTTTTGGGAGCAGCCGGCATTTTACGGGCTACACTTTTTTTAAAATTGATGTGTGCCCGTACTGTGTCGGCTGCTTTGAAAATTTCGGT"	"MIMAT0000329"	"cel-miR-273"	"TGCCCGTACTGTGTCGGCTG"	""	"CCGTACTGTGTCG"	"cel-miR-273[4,17]"	NA
"MI0000029"	"cel-mir-58a"	"UNCHANGED"	"GCTCGTCATATCCATTGCCCTACTCTTCGCATCTCATCACTTCGTCCAATACCATAGGGATGAGATCGTTCAGTACGGCAATGGACTGAGCTAGAGT"	"MIMAT0015100"	"cel-miR-58a-5p"	"TGCCCTACTCTTCGCATCTCATC"	""	"CTACTCTTCGCAT"	"cel-miR-58a-5p[5,18]"	NA
"MI0017720"	"cel-mir-4934"	"UNCHANGED"	"ATTTAATTCTAAAAATCATTTCTGACTGTTGGCCTCTTCATTTTCGAATTCCGCGGCAAAAAAGCAGTGCCGAGCTTCTGTCTAGATGTCTGCGTCATTTTGTGATAGCT"	"MIMAT0020140"	"cel-miR-4934"	"TGCCGAGCTTCTGTCTAGATG"	""	"CGAGCTTCTGTCT"	"cel-miR-4934[4,17]"	NA
"MI0026843"	"cel-mir-8210"	"UNCHANGED"	"TGCCTTCTTTCCTTGTGTCGCCGACAAATCGCCACAATCCGTCGACGAAAAAAAGAAAGAAAGAAA"	"MIMAT0032837"	"cel-miR-8210-5p"	"TGCCTTCTTTCCTTGTGTCGCCGAC"	""	"TCTTTCCTTGTGT"	"cel-miR-8210-5p[6,19]"	NA
"MI0017535"	"cel-mir-4805"	"UNCHANGED"	"AGTCGGAGGCAGGGGTGTGCGGCAAATTTGCCGAATTTGCCGTTTGTCGAGCTCGGCAAATTTTGAGATTTTCCGCACACCCCTGATCGGAGCC"	"MIMAT0019986"	"cel-miR-4805-5p"	"TGCGGCAAATTTGCCGAATTTGC"	""	"GCAAATTTGCCGA"	"cel-miR-4805-5p[5,18]"	NA
"MI0000006"	"cel-mir-35"	"UNCHANGED"	"TCTCGGATCAGATCGAGCCATTGCTGGTTTCTTCCACAGTGGTACTTTCCATTAGAACTATCACCGGGTGGAAACTAGCAGTGGCTCGATCTTTTCC"	"MIMAT0020303"	"cel-miR-35-5p"	"TGCTGGTTTCTTCCACAGTGGTA"	""	"GGTTTCTTCCACA"	"cel-miR-35-5p[5,18]"	NA
"MI0017722"	"cel-mir-4936"	"UNCHANGED"	"TATACGCTATCGAGATAATAAGCATTTATGGCTACAATGTATACGCCTCTCAAAATTACGTTCACATTGCTTTGTGGCTTTGCTGGTAACTCTTTTGCCTTTCACGCAAC"	"MIMAT0020142"	"cel-miR-4936"	"TGCTTTGTGGCTTTGCTGGTA"	""	"TTTGTGGCTTTGC"	"cel-miR-4936[4,17]"	NA
"MI0007981"	"cel-mir-1819"	NA	"AATCAGTGATCAATCATGCTCAAAACATTCGACATAACTTAATTTCTTTGTGGAATGATTGAGCTTGATGGATCGATGAAA"	"MIMAT0006586"	"cel-miR-1819-3p"	"TGGAATGATTGAGCTTGATGGA"	""	"ATGATTGAGCTTG"	"cel-miR-1819-3p[5,18]"	NA
"MI0000333"	"cel-mir-256"	"UNCHANGED"	"GCAAGGAGTGCAGAGGCTTACTATGAGACGGTCAAGAGGCGCCTCCGTCACGTGGATACGTCGGGTGGAATGCATAGAAGACTGTACTCAAAAAATTTTAC"	"MIMAT0000311"	"cel-miR-256"	"TGGAATGCATAGAAGACTGTA"	""	"AATGCATAGAAGA"	"cel-miR-256[4,17]"	NA
"MI0000003"	"cel-mir-1"	NA	"AAAGTGACCGTACCGAGCTGCATACTTCCTTACATGCCCATACTATATCATAAATGGATATGGAATGTAAAGAAGTATGTAGAACGGGGTGGTAGT"	"MIMAT0000003"	"cel-miR-1-3p"	"TGGAATGTAAAGAAGTATGTA"	""	"AATGTAAAGAAGT"	"cel-miR-1-3p[4,17]"	NA
"MI0005197"	"cel-mir-796"	"UNCHANGED"	"ACTCTAATGACAAGCTGGAATGTAGTTGAGGTTAGTAAAAGCACTATACTTGTTACAAACCTTGCCACGTTCCGACTTGTCAAAAGAGT"	"MIMAT0004231"	"cel-miR-796"	"TGGAATGTAGTTGAGGTTAGTAA"	""	"ATGTAGTTGAGGT"	"cel-miR-796[5,18]"	NA
"MI0000044"	"cel-mir-73"	"UNCHANGED"	"CAGTGAGAGTCCCACACACGACTGGACTTCCATATCGAGCCACAGCTATCAACGAATTTGCTGGCAAGATGTAGGCAGTTCAGTTGTGCGTTTATGGAG"	"MIMAT0020319"	"cel-miR-73-5p"	"TGGACTTCCATATCGAGCCACAGC"	""	"TTCCATATCGAGC"	"cel-miR-73-5p[6,19]"	NA
"MI0000049"	"cel-mir-78"	"UNCHANGED"	"AATAAAATATATTGTTTCATAGTGTCCGTAAAATAACTAGATTTATTTTGTAAAAACTATTGGAGGCCTGGTTGTTTGTGCTGGAATGTTTCGAGA"	"MIMAT0000050"	"cel-miR-78"	"TGGAGGCCTGGTTGTTTGTGC"	""	"AGGCCTGGTTGTT"	"cel-miR-78[4,17]"	NA
"MI0000313"	"cel-mir-238"	"UNCHANGED"	"TCTCCATTGACTGTTTGGATGTTCTCGGACGTTCAAAGCTACATCCAACAAATTGGTAGCTTTGTACTCCGATGCCATTCAGATAGTTATGAGCCATG"	"MIMAT0015114"	"cel-miR-238-5p"	"TGGATGTTCTCGGACGTTCAAAGC"	""	"GTTCTCGGACGTT"	"cel-miR-238-5p[6,19]"	NA
"MI0000045"	"cel-mir-74"	NA	"AAATGGTTCAAAAAACGTTCGGGCTTCCATCTCTTTCCCAGCCTACATCTCAACCTGGGCTGGCAAGAAATGGCAGTCTACACGTTTTTCAACCAAA"	"MIMAT0000046"	"cel-miR-74-3p"	"TGGCAAGAAATGGCAGTCTACA"	""	"AAGAAATGGCAGT"	"cel-miR-74-3p[5,18]"	NA
"MI0000044"	"cel-mir-73"	NA	"CAGTGAGAGTCCCACACACGACTGGACTTCCATATCGAGCCACAGCTATCAACGAATTTGCTGGCAAGATGTAGGCAGTTCAGTTGTGCGTTTATGGAG"	"MIMAT0000045"	"cel-miR-73-3p"	"TGGCAAGATGTAGGCAGTTCAGT"	""	"AAGATGTAGGCAG"	"cel-miR-73-3p[5,18]"	NA
"MI0005184"	"cel-mir-784"	"UNCHANGED"	"TTCGACGTCCACGTGGCACAATCTGCGTACGTAGAAAGATCAAAAAGTCACTTCTATGTACAAATGTTGCGCTGCCTGGCACAGTGAA"	"MIMAT0004219"	"cel-miR-784-5p"	"TGGCACAATCTGCGTACGTAGA"	""	"ACAATCTGCGTAC"	"cel-miR-784-5p[5,18]"	NA
"MI0026838"	"cel-mir-8205"	"UNCHANGED"	"TGGCAGACTTCGTTGAGGCTATGACTACAAACTACAATTTTCGTTTAGCCTCACCCAGTTTTCCACG"	"MIMAT0032827"	"cel-miR-8205-5p"	"TGGCAGACTTCGTTGAGGCTA"	""	"CAGACTTCGTTGA"	"cel-miR-8205-5p[4,17]"	NA
"MI0010962"	"cel-mir-2212"	"UNCHANGED"	"TGGCAGATCATAGGCTGACTTTGCAAGCATTTTATACAAAGTGGCATTTGATAAGCCATC"	"MIMAT0011439"	"cel-miR-2212-5p"	"TGGCAGATCATAGGCTGACTTTG"	""	"AGATCATAGGCTG"	"cel-miR-2212-5p[5,18]"	NA
"MI0017719"	"cel-mir-4933"	"UNCHANGED"	"CTCGTGAGCTTGCCAGAATCGGTGGCAGTGACCTATTCTGGCCAGATCTAGCCAGGTTGGGTCGCTGCCACCAATTCTGGCCAGATCTAGCCAGGTTGGGACGCTGCCAC"	"MIMAT0020139"	"cel-miR-4933"	"TGGCAGTGACCTATTCTGGCCA"	""	"AGTGACCTATTCT"	"cel-miR-4933[5,18]"	NA
"MI0007986"	"cel-mir-1824"	"UNCHANGED"	"GTTCACCAGAGTTGGCAGTGTTTCTCCCCCAACTTTTGTTACAGAATTGCAAAAATGTTGGCCGTGGTGAACACTTCCGCCTCTGGTTTGAAG"	"MIMAT0006591"	"cel-miR-1824-5p"	"TGGCAGTGTTTCTCCCCCAACTT"	""	"AGTGTTTCTCCCC"	"cel-miR-1824-5p[5,18]"	NA
"MI0010963"	"cel-mir-2213"	"UNCHANGED"	"TGGCGGACTCTTCACAGTTTGACCTCGGAGATCAAGCTGTAAGAGGACTGCCTAA"	"MIMAT0011441"	"cel-miR-2213-5p"	"TGGCGGACTCTTCACAGTTTGA"	""	"GGACTCTTCACAG"	"cel-miR-2213-5p[5,18]"	NA
"MI0000027"	"cel-mir-56"	"UNCHANGED"	"GAGCCAGTGTCTGTTCTTGGCGGATCCATTTTGGGTTGTACCTCATCCTAAATTTGACGGTACCCGTAATGTTTCCGCTGAGAACCGACTGTGCACC"	"MIMAT0000027"	"cel-miR-56-5p"	"TGGCGGATCCATTTTGGGTTGTACC"	""	"GATCCATTTTGGG"	"cel-miR-56-5p[6,19]"	NA
"MI0026831"	"cel-mir-8200"	"UNCHANGED"	"TGGCTCAAATCTCCAGTCAGACCCTGATGTGGGTCTGACGGGAGATTTGAGCCATC"	"MIMAT0032813"	"cel-miR-8200-5p"	"TGGCTCAAATCTCCAGTCAGACC"	""	"TCAAATCTCCAGT"	"cel-miR-8200-5p[5,18]"	NA
"MI0017544"	"cel-mir-4814"	NA	"TAAACCAACTTTACCCACTTCTCAACCAACTTTGGCCACTTTTCAACTGCCATTCACAGAAGTGGGCAAAGTTGGTTGAGAAGTGGGTAAAGTTGGGCAA"	"MIMAT0020003"	"cel-miR-4814-3p"	"TGGGCAAAGTTGGTTGAGAAGT"	""	"CAAAGTTGGTTGA"	"cel-miR-4814-3p[5,18]"	NA
"MI0008202"	"cel-mir-1832a"	NA	"CAGCGATTCGAACTCCGCCCACTGCACCTGATTGGTTGACAAGTGGGCGGAGCGAATCGATGAT"	"MIMAT0006774"	"cel-miR-1832a-3p"	"TGGGCGGAGCGAATCGATGAT"	""	"GCGGAGCGAATCG"	"cel-miR-1832a-3p[4,17]"	NA
"MI0000047"	"cel-mir-76"	"UNCHANGED"	"ATTTCAGCTCCTGTCTGGGCTTCACAATAGTCGAATACCTTAAATTTCAAAATTTGGATATTCGTTGTTGATGAAGCCTTGATGGGGGTGAGAAAGA"	"MIMAT0020321"	"cel-miR-76-5p"	"TGGGCTTCACAATAGTCGAATA"	""	"CTTCACAATAGTC"	"cel-miR-76-5p[5,18]"	NA
"MI0000032"	"cel-mir-61"	"UNCHANGED"	"TTCCATTATCGCTGAACCTCGAGATGGGTTACGGGGCTTAGTCCTTCCTCCGTATGGCAATGACTAGAACCGTTACTCATCTCGAGGTTTCGGTGAT"	"MIMAT0015103"	"cel-miR-61-5p"	"TGGGTTACGGGGCTTAGTCCTT"	""	"TTACGGGGCTTAG"	"cel-miR-61-5p[5,18]"	NA
"MI0026836"	"cel-mir-8204"	NA	"TGGTCTCACCACGCGTTACTCATTAATGTTTTTTTTTTTCAATCAATGGGTTGCGCGTAGCGAGGCCATTC"	"MIMAT0032824"	"cel-miR-8204-3p"	"TGGGTTGCGCGTAGCGAGGCCATTC"	""	"TGCGCGTAGCGAG"	"cel-miR-8204-3p[6,19]"	NA
"MI0026836"	"cel-mir-8204"	"UNCHANGED"	"TGGTCTCACCACGCGTTACTCATTAATGTTTTTTTTTTTCAATCAATGGGTTGCGCGTAGCGAGGCCATTC"	"MIMAT0032823"	"cel-miR-8204-5p"	"TGGTCTCACCACGCGTTACTCATT"	""	"TCACCACGCGTTA"	"cel-miR-8204-5p[6,19]"	NA
"MI0019158"	"cel-mir-356b"	"UNCHANGED"	"TGGTGAGACACGTCGTAACGAATCCGCTGAAATTTACATTGATGATTTGTTCGCGTTGCTCAACCACA"	"MIMAT0022311"	"cel-miR-356b-5p"	"TGGTGAGACACGTCGTAACGAAT"	""	"GAGACACGTCGTA"	"cel-miR-356b-5p[5,18]"	NA
"MI0019072"	"cel-mir-5551"	"UNCHANGED"	"TTAATTATTTTTGGAGTGGAGCTGTAAATGGTTGGAATCTGGTATAATGGCTTCGAGACTTTTTATACCAATTTCTTACCATTAGCATCTACACTTTCAAATCTAAATC"	"MIMAT0022193"	"cel-miR-5551-5p"	"TGTAAATGGTTGGAATCTGGTAT"	""	"AATGGTTGGAATC"	"cel-miR-5551-5p[5,18]"	NA
"MI0000352"	"cel-mir-272"	"UNCHANGED"	"CGCAGGCACGTGCAGGTATGTAGGCAGGCGTAGGCCCGTAGGCAAGTGTAGGTCTGCAGGCATGAATGTAGGCATGGGTGTTTGGAAGACCTGCG"	"MIMAT0000328"	"cel-miR-272"	"TGTAGGCATGGGTGTTTG"	""	"TAGGCATGGGTGT"	"cel-miR-272[3,16]"	NA
"MI0026837"	"cel-mir-8196b"	NA	"CCCATAGAAATATTTTCTATGTCAACCTCTTGTACGGTTGCTGTAGTTAATTTTTTCTTTGGGAA"	"MIMAT0032826"	"cel-miR-8196b-3p"	"TGTAGTTAATTTTTTCTTTGGGAA"	""	"TTAATTTTTTCTT"	"cel-miR-8196b-3p[6,19]"	NA
"MI0019073"	"cel-mir-5552"	"UNCHANGED"	"GGTCTGCTAATTATTTTTGTAGTTTGTAGTCTAGCAGACCAATACCAAAAGCTTTGGGTCTGCCAGACTACAAACCACACAAATCACTAGCAGACCCTTTTTTTTTTTTT"	"MIMAT0022195"	"cel-miR-5552-5p"	"TGTAGTTTGTAGTCTAGCAGACC"	""	"GTTTGTAGTCTAG"	"cel-miR-5552-5p[5,18]"	NA
"MI0017545"	"cel-mir-4815"	"UNCHANGED"	"TTGCCTCGTTCGTCGTATATTCGTCGTATATTGCGTCGTACATTCCGGACTTCCTTCTAAATGTATGAGCAAAATGCGAGGAATGTACGATGCGAATTG"	"MIMAT0020004"	"cel-miR-4815"	"TGTATGAGCAAAATGCGAGGA"	""	"ATGAGCAAAATGC"	"cel-miR-4815[4,17]"	NA
"MI0019153"	"cel-mir-5592-1"	NA	"CGGCCCTTACCGTTTAATACATGTTCCCGGTCGATGCACCATGTATTAAACGGTAAGGGCCGGC"	"MIMAT0022306"	"cel-miR-5592-3p-1-2"	"TGTATTAAACGGTAAGGGCCGGC"	""	"TTAAACGGTAAGG"	"cel-miR-5592-3p-1-2[5,18]"	NA
"MI0019154"	"cel-mir-5592-2"	NA	"CGGCCCTTACCGTTTAATACATGGTGCATCGACCGGGAACATGTATTAAACGGTAAGGGCCGGC"	"MIMAT0022306"	"cel-miR-5592-3p-1-2"	"TGTATTAAACGGTAAGGGCCGGC"	""	"TTAAACGGTAAGG"	"cel-miR-5592-3p-1-2[5,18]"	NA
"MI0000018"	"cel-mir-47"	NA	"GAGAGCCGACTGAAACTGAAGAGAGCAGTCTATTGACAGTCGGTTACTCGAAATCTTTACTGTCATGGAGGCGCTCTCTTCAGATGATGTCTGGCCC"	"MIMAT0000018"	"cel-miR-47-3p"	"TGTCATGGAGGCGCTCTCTTCA"	""	"ATGGAGGCGCTCT"	"cel-miR-47-3p[5,18]"	NA
"MI0000017"	"cel-mir-46"	NA	"CTGAGGTGAAGCTGAAGAGAGCCGTCTATTGACAGTTCAAGACCACGAGTCGTTGTGTGCTGTCATGGAGTCGCTCTCTTCAGATGATCCGGTCAAT"	"MIMAT0000017"	"cel-miR-46-3p"	"TGTCATGGAGTCGCTCTCTTCA"	""	"ATGGAGTCGCTCT"	"cel-miR-46-3p[5,18]"	NA
"MI0010955"	"cel-mir-2207"	"UNCHANGED"	"TGTGAATTGAGACTGTGTATAAGAATGTAAGGAGGAGAGGGGCCGTTCGTATCGTTCGTCTTATGCACAGGCTCAATGCACACA"	"MIMAT0011425"	"cel-miR-2207-5p"	"TGTGAATTGAGACTGTGTATAAG"	""	"AATTGAGACTGTG"	"cel-miR-2207-5p[5,18]"	NA
"MI0017706"	"cel-mir-4921"	"UNCHANGED"	"GTAAGTTGATGAGTTCACACATAAATTTTGGATATATATGTGCCACTCACTTTCTTGCAG"	"MIMAT0020127"	"cel-miR-4921"	"TGTGCCACTCACTTTCTTGCAG"	""	"CCACTCACTTTCT"	"cel-miR-4921[5,18]"	NA
"MI0000008"	"cel-mir-37"	"UNCHANGED"	"TTCTAGAAACCCTTGGACCAGTGTGGGTGTCCGTTGCGGTGCTACATTCTCTAATCTGTATCACCGGGTGAACACTTGCAGTGGTCCTCGTGGTTTCT"	"MIMAT0015094"	"cel-miR-37-5p"	"TGTGGGTGTCCGTTGCGGTGCTA"	""	"GGTGTCCGTTGCG"	"cel-miR-37-5p[5,18]"	NA
"MI0007980"	"cel-mir-1818"	"UNCHANGED"	"CTGGAAAGAGTGGCCTTTTGTGGTCTTCATGCCATGATTTTATCACTCAAACTGATAAAATCATAGTTTGGAAACCTCGACAGGCTTTTCTTTTCTT"	"MIMAT0006585"	"cel-miR-1818"	"TGTGGTCTTCATGCCATGATTTT"	""	"GTCTTCATGCCAT"	"cel-miR-1818[5,18]"	NA
"MI0000046"	"cel-mir-75"	NA	"TTCTTGTTGCTTTGAAGAATTGCAGTCGGTTGCAAGCTTAAATACAAATCCGAATTGTTATTAAAGCTACCAACCGGCTTCAAGTCTGAAAGAGCAG"	"MIMAT0000047"	"cel-miR-75-3p"	"TTAAAGCTACCAACCGGCTTCA"	""	"AGCTACCAACCGG"	"cel-miR-75-3p[5,18]"	NA
"MI0000327"	"cel-mir-251"	"UNCHANGED"	"ACTTTCAATGACCCCTTGTTAAGTAGTGGTGCCGCTCTTATTAGGTTGAAAAGTAATAAGAGTAGTTCACTACTTATCAAGGTGAAATTTGAAATTT"	"MIMAT0000307"	"cel-miR-251"	"TTAAGTAGTGGTGCCGCTCTTA"	""	"GTAGTGGTGCCGC"	"cel-miR-251[5,18]"	NA
"MI0000322"	"cel-mir-246"	NA	"ATCTGAATTATAAAACATCGCCTAACCGTTGTCATGTAATATTTCCCAGAGAAAATGATATTACATGTTTCGGGTAGGAGCTGTTCAAACTTTGGAC"	"MIMAT0000302"	"cel-miR-246-3p"	"TTACATGTTTCGGGTAGGAGC"	""	"CATGTTTCGGGTA"	"cel-miR-246-3p[4,17]"	NA
"MI0026838"	"cel-mir-8205"	NA	"TGGCAGACTTCGTTGAGGCTATGACTACAAACTACAATTTTCGTTTAGCCTCACCCAGTTTTCCACG"	"MIMAT0032828"	"cel-miR-8205-3p"	"TTAGCCTCACCCAGTTTTCCACG"	""	"CCTCACCCAGTTT"	"cel-miR-8205-3p[5,18]"	NA
"MI0000329"	"cel-mir-253"	NA	"GAATTGTTCCGATCGCCGCTCTTTTCACACACCTCACTAACACTGACCACCGATGCATAGATGTTAGTAGGCGTTGTGGGAAGGGCGGCGACAGTGAACGTCGTTTC"	"MIMAT0004215"	"cel-miR-253-3p"	"TTAGTAGGCGTTGTGGGAAGGG"	""	"TAGGCGTTGTGGG"	"cel-miR-253-3p[5,18]"	NA
"MI0000309"	"cel-mir-234"	NA	"CAAAAAATGATCAAACGGTATTCCAGAGTTGATAATAAAAATGCGTCAGTCCGCAATCTATTATTGCTCGAGAATACCCTTTGACTACTATGTGTA"	"MIMAT0000289"	"cel-miR-234-3p"	"TTATTGCTCGAGAATACCCTT"	""	"TTGCTCGAGAATA"	"cel-miR-234-3p[4,17]"	NA
"MI0017543"	"cel-mir-4813"	NA	"ATTTCACCAGACTATCTAGGAAATATTGAACTAATACAAATTTTAGTTCAATATACCGGATGGTCTGGTGAAAGCAA"	"MIMAT0020001"	"cel-miR-4813-3p"	"TTCAATATACCGGATGGTCTGG"	""	"ATATACCGGATGG"	"cel-miR-4813-3p[5,18]"	NA
"MI0000048"	"cel-mir-77"	NA	"GCATCTGCCAAACCGCCCGTTTGGATGGTTGTGCTCTGAGGAAATACGCACAGAATGTCATTTCATCAGGCCATAGCTGTCCAAATTGGTATAGAGTTTG"	"MIMAT0000049"	"cel-miR-77-3p"	"TTCATCAGGCCATAGCTGTCCA"	""	"TCAGGCCATAGCT"	"cel-miR-77-3p[5,18]"	NA
"MI0026848"	"cel-mir-8212"	NA	"TTGCTCAAAAATTACTTCAAAGTCGATCGGCTCATTGCGACTTCGAGACAGTTTTTGAGCAACT"	"MIMAT0032845"	"cel-miR-8212-3p"	"TTCGAGACAGTTTTTGAGCAACT"	""	"AGACAGTTTTTGA"	"cel-miR-8212-3p[5,18]"	NA
"MI0000047"	"cel-mir-76"	NA	"ATTTCAGCTCCTGTCTGGGCTTCACAATAGTCGAATACCTTAAATTTCAAAATTTGGATATTCGTTGTTGATGAAGCCTTGATGGGGGTGAGAAAGA"	"MIMAT0000048"	"cel-miR-76-3p"	"TTCGTTGTTGATGAAGCCTTGA"	""	"TTGTTGATGAAGC"	"cel-miR-76-3p[5,18]"	NA
"MI0017544"	"cel-mir-4814"	"UNCHANGED"	"TAAACCAACTTTACCCACTTCTCAACCAACTTTGGCCACTTTTCAACTGCCATTCACAGAAGTGGGCAAAGTTGGTTGAGAAGTGGGTAAAGTTGGGCAA"	"MIMAT0020002"	"cel-miR-4814-5p"	"TTCTCAACCAACTTTGGCCACT"	""	"CAACCAACTTTGG"	"cel-miR-4814-5p[5,18]"	NA
"MI0005193"	"cel-mir-792"	NA	"AAGTTGGTCAACGTTTGAGAGTTCAAAAGATTTAGCAATTTTATACGAGTGAAATTGAAATCTCTTCAACTTTCAGACGTTTTCTGATTT"	"MIMAT0004227"	"cel-miR-792-3p"	"TTGAAATCTCTTCAACTTTCAGA"	""	"AATCTCTTCAACT"	"cel-miR-792-3p[5,18]"	NA
"MI0026829"	"cel-mir-8198"	"UNCHANGED"	"TTGAACAGTTTCAATTTGTTTTTAAATTGTTCTACAACAATTTTTAAGAATTAATTACGGATACTGTTCAAA"	"MIMAT0032809"	"cel-miR-8198-5p"	"TTGAACAGTTTCAATTTGTT"	""	"AACAGTTTCAATT"	"cel-miR-8198-5p[4,17]"	NA
"MI0026844"	"cel-mir-2217b-1"	NA	"CAGAGCGGGCAGTCGGTGTCAATCTGCAACAATAGCAGGTTGACCCTTGTGCTTGTTTCGGC"	"MIMAT0032840"	"cel-miR-2217b-3p-1-2-3-4"	"TTGACCCTTGTGCTTGTTTCGGC"	""	"CCCTTGTGCTTGT"	"cel-miR-2217b-3p-1-2-3-4[5,18]"	NA
"MI0026845"	"cel-mir-2217b-2"	NA	"CAGAGTGGGCAGTCGGTGTCAATCTGCAACAAAAGCAGTTTGACCCTTGTGCTTGTTTCGGC"	"MIMAT0032840"	"cel-miR-2217b-3p-1-2-3-4"	"TTGACCCTTGTGCTTGTTTCGGC"	""	"CCCTTGTGCTTGT"	"cel-miR-2217b-3p-1-2-3-4[5,18]"	NA
"MI0026846"	"cel-mir-2217b-3"	NA	"CAGAGTGGGCAGTCGGTGTCAATCTGCAACAATAGCAGGTTGACCCTTGTGCTTGTTTCGGC"	"MIMAT0032840"	"cel-miR-2217b-3p-1-2-3-4"	"TTGACCCTTGTGCTTGTTTCGGC"	""	"CCCTTGTGCTTGT"	"cel-miR-2217b-3p-1-2-3-4[5,18]"	NA
"MI0026849"	"cel-mir-2217b-4"	NA	"CAGAGTGGGCAGTCGGTGTCAATCTGCAACAATAGCAGGTTGACCCTTGTGCTTGTTTCGGC"	"MIMAT0032840"	"cel-miR-2217b-3p-1-2-3-4"	"TTGACCCTTGTGCTTGTTTCGGC"	""	"CCCTTGTGCTTGT"	"cel-miR-2217b-3p-1-2-3-4[5,18]"	NA
"MI0000755"	"cel-mir-356a"	"UNCHANGED"	"TAAAGTTTCCTTGAGAACAATGTGGTTGAGCAACGCGAACAAATCATCAATGTAAATTTCAGCGGATTCGTTACGACGTGTCTCACCACATCGTTAGTAGGATTTCAGAA"	"MIMAT0000698"	"cel-miR-356a"	"TTGAGCAACGCGAACAAATCA"	""	"AGCAACGCGAACA"	"cel-miR-356a[4,17]"	NA
"MI0000308"	"cel-mir-233"	NA	"ATATAGCATCTTTCTGTCTCGCCCATCCCGTTGCTCCAATATTCTAACAACAAGTGATTATTGAGCAATGCGCATGTGCGGGATAGACTGATGGCTGC"	"MIMAT0000288"	"cel-miR-233-3p"	"TTGAGCAATGCGCATGTGCGGGA"	""	"GCAATGCGCATGT"	"cel-miR-233-3p[5,18]"	NA
"MI0019074"	"cel-mir-5553"	"UNCHANGED"	"AAGGGTCGCATTTATACGAAATGGTCTTGCCACGCGCCATCCATTGATTTTTAAATCTTTTTTAATCAATGGGTAGCACGTGGCAAGACTATTTTGCATAAACAAACCCT"	"MIMAT0022197"	"cel-miR-5553-5p"	"TTGCCACGCGCCATCCATTGATT"	""	"CACGCGCCATCCA"	"cel-miR-5553-5p[5,18]"	NA
"MI0000318"	"cel-mir-242"	"UNCHANGED"	"TGGCTCGCGAGAGTATTGCGTAGGCCTTTGCTTCGAGAGAGAAGCTTCAGTTCGCAGCAATATCCTCCGCAAAACTTTCCCCGGCTATGCAAAAAA"	"MIMAT0000298"	"cel-miR-242"	"TTGCGTAGGCCTTTGCTTCGA"	""	"CGTAGGCCTTTGC"	"cel-miR-242[4,17]"	NA
"MI0026848"	"cel-mir-8212"	"UNCHANGED"	"TTGCTCAAAAATTACTTCAAAGTCGATCGGCTCATTGCGACTTCGAGACAGTTTTTGAGCAACT"	"MIMAT0032844"	"cel-miR-8212-5p"	"TTGCTCAAAAATTACTTCAAAGT"	""	"TCAAAAATTACTT"	"cel-miR-8212-5p[5,18]"	NA
"MI0026841"	"cel-mir-8208"	NA	"TCCGCCCACAGTTGAACCAATTAGCGACCCCACTTCTAATTGGTTCAGGAATGGGCGGAACT"	"MIMAT0032834"	"cel-miR-8208-3p"	"TTGGTTCAGGAATGGGCGGAACT"	""	"TTCAGGAATGGGC"	"cel-miR-8208-3p[5,18]"	NA
"MI0026840"	"cel-mir-8207"	"UNCHANGED"	"TTGTCCTCTTTTCTCTCATTTGCACATTTTATTGATATTCAAATATTGATGCATTGGAAGAAAAGAGAACGAGA"	"MIMAT0032831"	"cel-miR-8207-5p"	"TTGTCCTCTTTTCTCTCATTTGCA"	""	"CTCTTTTCTCTCA"	"cel-miR-8207-5p[6,19]"	NA
"MI0000759"	"cel-mir-360"	"UNCHANGED"	"CATTCTGTTAGGAAGCATCAATGTGTTGTGACCGTTGTTACGGTCAATTTGCAAATTGAAAAAATGACCGTAATCCCGTTCACAATACATTGTTCGTTTTCTCCAAAGGT"	"MIMAT0015121"	"cel-miR-360-5p"	"TTGTGACCGTTGTTACGGTCA"	""	"TGACCGTTGTTAC"	"cel-miR-360-5p[4,17]"	NA
"MI0026839"	"cel-mir-8206"	NA	"TATATAATGTAATCTGAAATCACATTATTTTTCGGGATTTCAGATTACATTCTATAGG"	"MIMAT0032830"	"cel-miR-8206-3p"	"TTTCAGATTACATTCTATAGG"	""	"CAGATTACATTCT"	"cel-miR-8206-3p[4,17]"	NA
"MI0017712"	"cel-mir-4925"	"UNCHANGED"	"GTAAGTGCATATGTTTCAAAAACTTGTTCAAATTGTTTTCGAAAACATTGCATTTACAG"	"MIMAT0020132"	"cel-miR-4925"	"TTTCGAAAACATTGCATTTACAG"	""	"GAAAACATTGCAT"	"cel-miR-4925[5,18]"	NA
"MI0019157"	"cel-mir-5594"	NA	"AAGAGTACTGTAGTTTCAAAATTTCATTGATTAAAATTTTGAACTACAGTACTCTTCA"	"MIMAT0022310"	"cel-miR-5594-3p"	"TTTGAACTACAGTACTCTTCA"	""	"GAACTACAGTACT"	"cel-miR-5594-3p[4,17]"	NA
"MI0005192"	"cel-mir-791"	NA	"GAACCTTCGATTACCTTATCCGTTGTAGCCAAAGTTCAACGAAGCGGCAACTTTGGCACTCCGCAGATAAGGCAATCGATTGTTT"	"MIMAT0004226"	"cel-miR-791-3p"	"TTTGGCACTCCGCAGATAAGGCAA"	""	"CACTCCGCAGATA"	"cel-miR-791-3p[6,19]"	NA
"MI0000315"	"cel-mir-239b"	"UNCHANGED"	"GCGACAGATGCAATTTTTGTACTACACAAAAGTACTGGTCATTTAAGTTGAGGCTCAGCACTTTTGTGGTGTGCAAAAATGGCAAGTTGCTTTTATCT"	"MIMAT0000295"	"cel-miR-239b-5p"	"TTTGTACTACACAAAAGTACTG"	""	"TACTACACAAAAG"	"cel-miR-239b-5p[5,18]"	NA
"MI0000314"	"cel-mir-239a"	"UNCHANGED"	"TACACGTTTGCAATTTTTGTACTACACATAGGTACTGGACAATTTTCAAAATATATCCAGTGTCTAGTCTAGTGCAAACATTGCTCGGTGTTGTTTGA"	"MIMAT0000294"	"cel-miR-239a-5p"	"TTTGTACTACACATAGGTACTGG"	""	"TACTACACATAGG"	"cel-miR-239a-5p[5,18]"	NA
"MI0000313"	"cel-mir-238"	NA	"TCTCCATTGACTGTTTGGATGTTCTCGGACGTTCAAAGCTACATCCAACAAATTGGTAGCTTTGTACTCCGATGCCATTCAGATAGTTATGAGCCATG"	"MIMAT0000293"	"cel-miR-238-3p"	"TTTGTACTCCGATGCCATTCAGA"	""	"TACTCCGATGCCA"	"cel-miR-238-3p[5,18]"	NA
"MI0019158"	"cel-mir-356b"	NA	"TGGTGAGACACGTCGTAACGAATCCGCTGAAATTTACATTGATGATTTGTTCGCGTTGCTCAACCACA"	"MIMAT0022312"	"cel-miR-356b-3p"	"TTTGTTCGCGTTGCTCAACCACA"	""	"TTCGCGTTGCTCA"	"cel-miR-356b-3p[5,18]"	NA
"MI0000754"	"cel-mir-355"	"UNCHANGED"	"AATAATGTCAAGAATTGAATGGTTTGTTTTAGCCTGAGCTATGAGTCATCGGAATATGCATAGCTTCTTGCTAAAACATGCCAATCAATCTTAATTGACGAAGTTTTTGA"	"MIMAT0000697"	"cel-miR-355-5p"	"TTTGTTTTAGCCTGAGCTATG"	""	"GTTTTAGCCTGAG"	"cel-miR-355-5p[4,17]"	NA
"MI0005198"	"cel-mir-797"	NA	"CGTCCAATGGACGATATCACAGCAATCACAATGAGAAGAATACATCTAGATACTCTTTTCATTGGTTTCTGTGAAATCGTATTTGAATG"	"MIMAT0015241"	"cel-miR-797-3p"	"TTTTCATTGGTTTCTGTGAAAT"	""	"CATTGGTTTCTGT"	"cel-miR-797-3p[5,18]"	NA
"MI0007982"	"cel-mir-1820"	"UNCHANGED"	"TTCAAAAATTGCATTTTCCATCTTTTGATTGTTTTTCGATGATGTTCGTTAAATCGGTATAAGCGAACCATTGTAAACAATCAAAGAATGGAGAATCAATTTATGAT"	"MIMAT0006587"	"cel-miR-1820-5p"	"TTTTGATTGTTTTTCGATGATGTTCG"	""	"TTGTTTTTCGATG"	"cel-miR-1820-5p[7,20]"	NA
"MI0000801"	"cel-lsy-6"	NA	"CCATCAAATGCGTCTAGTATCAAAATCATGTAAAAACTGTAAAACAGATTTTGTATGAGACGCATTTCGATGA"	"MIMAT0000749"	"cel-lsy-6-3p"	"TTTTGTATGAGACGCATTTCGA"	""	"GTATGAGACGCAT"	"cel-lsy-6-3p[5,18]"	NA
